00
00
00
00
00
00
00
00
00
00
00
00
00
00
00
00
00
00
00
00
00
00
00
00
00
00
00
00
00
00
00
00
00
00
00
00
00
00
00
00
00
00
00
00
00
00
00
00
00
00
00
00
00
00
00
00
00
00
00
00
00
00
00
00
00
00
00
00
00
00
00
00
00
00
00
00
00
00
00
00
00
00
00
00
00
00
00
00
00
00
00
00
00
00
00
00
00
00
00
00
00
00
00
00
00
00
00
00
00
00
00
00
00
00
00
00
00
00
00
00
00
00
00
00
00
00
00
00
00
00
00
00
00
00
00
00
00
00
00
00
00
00
00
00
00
00
00
00
00
00
00
00
00
00
00
00
00
00
00
00
21
74
13
00
00
00
00
00
00
00
00
00
1f
28
00
00
00
00
00
00
00
00
00
00
00
00
00
00
3c
59
13
00
00
00
00
00
00
00
00
00
3f
51
00
00
00
00
00
00
00
00
00
00
00
00
00
01
4c
69
14
00
00
00
00
00
00
00
00
00
6e
51
00
00
00
00
00
00
00
00
00
00
00
00
00
0d
7f
51
00
00
00
00
00
00
00
00
00
00
6f
51
00
00
00
00
00
00
00
00
00
00
00
00
00
5b
7f
3e
00
00
00
00
00
00
00
00
00
17
7a
51
00
00
00
00
00
00
00
00
00
00
00
00
00
63
7f
1c
00
00
00
00
00
00
00
00
00
3c
7f
51
00
00
00
00
00
00
00
00
00
00
00
00
0b
73
7f
0e
00
00
00
00
00
00
00
00
00
4f
7f
3c
00
00
00
00
00
00
00
00
00
00
00
00
51
7f
6c
08
00
00
00
00
00
00
00
00
00
4f
7f
21
00
00
00
00
00
00
00
00
00
07
2b
59
7c
7f
2d
00
00
00
00
00
00
00
00
00
00
4f
7f
2a
00
00
00
17
18
3a
48
4b
78
79
75
59
78
7e
14
00
00
00
00
00
00
00
00
00
00
4b
7e
76
67
67
67
7e
7f
7d
78
63
47
2d
0e
02
74
7d
00
00
00
00
00
00
00
00
00
00
00
00
3b
58
58
58
58
58
30
1c
00
00
00
00
00
33
7f
6e
00
00
00
00
00
00
00
00
00
00
00
00
00
00
00
00
00
00
00
00
00
00
00
00
00
54
7f
44
00
00
00
00
00
00
00
00
00
00
00
00
00
00
00
00
00
00
00
00
00
00
00
00
00
54
7f
1c
00
00
00
00
00
00
00
00
00
00
00
00
00
00
00
00
00
00
00
00
00
00
00
00
00
54
7f
1c
00
00
00
00
00
00
00
00
00
00
00
00
00
00
00
00
00
00
00
00
00
00
00
00
00
54
7f
2f
00
00
00
00
00
00
00
00
00
00
00
00
00
00
00
00
00
00
00
00
00
00
00
00
00
54
7f
30
00
00
00
00
00
00
00
00
00
00
00
00
00
00
00
00
00
00
00
00
00
00
00
00
00
54
7f
4c
00
00
00
00
00
00
00
00
00
00
00
00
00
00
00
00
00
00
00
00
00
00
00
00
00
54
7f
4c
00
00
00
00
00
00
00
00
00
00
00
00
00
00
00
00
00
00
00
00
00
00
00
00
00
30
7f
4c
00
00
00
00
00
00
00
00
00
00
00
00
00
00
00
00
00
00
00
00
00
00
00
00
00
00
00
00
00
00
00
00
00
00
00
00
00
00
00
00
00
00
00
00
00
00
00
00
00
00
00
00
00
00
00
00
00
00
00
00
00
00
00
00
00
00
00
00
00
00
00
00
00
00
00
00
00
00
00
00
00
00
00
00
00
00
00
00
00
00
00
00
