0001000100011
0000000100100
0000000100110
0000011100111
0000001101000
0000001001010
0000010101111
0000111010010
0000000000000
0001000100011
0000000100100
0000000100110
0000011100111
0000001101000
0000001001010
0000010101111
0000111010010
0000000000000
0001000100011
0000000100100
0000000100110
0000011100111
0000001101000
0000001001010
0000010101111
0000111010010
0000000000000
0001000100011
0000000100100
0000000100110
0000011100111
0000001101000
0000001001010
0000010101111
0000111010010
0000000000000
0001000100011
0000000100100
0000000100110
0000011100111
0000001101000
0000001001010
0000010101111
0000111010010
0000000000000
0001000100011
0000000100100
0000000100110
0000011100111
0000001101000
0000001001010
0000010101111
0000111010010
0000000000000
0001000100011
0000000100100
0000000100110
0000011100111
0000001101000
0000001001010
0000010101111
0000111010010
0000000000000
0001000100011
0000000100100
0000000100110
0000011100111
0000001101000
0000001001010
0000010101111
0000111010010
0000000000000
0001000100011
0000000100100
0000000100110
0000011100111
0000001101000
0000001001010
0000010101111
0000111010010
0000000000000
0001000100011
0000000100100
0000000100110
0000011100111
0000001101000
0000001001010
0000010101111
0000111010010
0000000000000
0001000100011
0000000100100
0000000100110
0000011100111
0000001101000
0000001001010
0000010101111
0000111010010
0000000000000
0001000100011
0000000100100
0000000100110
0000011100111
0000001101000
0000001001010
0000010101111
0000111010010
0000000000000
0001000100011
0000000100100
0000000100110
0000011100111
0000001101000
0000001001010
0000010101111
0000111010010
0000000000000
0001000100011
0000000100100
0000000100110
0000011100111
0000001101000
0000001001010
0000010101111
0000111010010
0000000000000
0001000100011
0000000100100
0000000100110
0000011100111
0000001101000
0000001001010
0000010101111
0000111010010
0000000000000
0001000100011
0000000100100
0000000100110
0000011100111
0000001101000
0000001001010
0000010101111
0000111010010
0000000000000
0001000100011
0000000100100
0000000100110
0000011100111
0000001101000
0000001001010
0000010101111
0000111010010
0000000000000
0001000100011
0000000100100
0000000100110
0000011100111
0000001101000
0000001001010
0000010101111
0000111010010
0000000000000
0001000100011
0000000100100
0000000100110
0000011100111
0000001101000
0000001001010
0000010101111
0000111010010
0000000000000
0001000100011
0000000100100
0000000100110
0000011100111
0000001101000
0000001001010
0000010101111
0000111010010
0000000000000
0001000100011
0000000100100
0000000100110
0000011100111
0000001101000
0000001001010
0000010101111
0000111010010
0000000000000
0000000100000
0000010100001
0101100100010
0001000100110
0000111101100
0000110101110
0000111101111
0000100010001
0000010010011
0000000000000
0000000100000
0000010100001
0101100100010
0001000100110
0000111101100
0000110101110
0000111101111
0000100010001
0000010010011
0000000000000
0000000100000
0000010100001
0101100100010
0001000100110
0000111101100
0000110101110
0000111101111
0000100010001
0000010010011
0000000000000
0000000100000
0000010100001
0101100100010
0001000100110
0000111101100
0000110101110
0000111101111
0000100010001
0000010010011
0000000000000
0000000100000
0000010100001
0101100100010
0001000100110
0000111101100
0000110101110
0000111101111
0000100010001
0000010010011
0000000000000
0000000100000
0000010100001
0101100100010
0001000100110
0000111101100
0000110101110
0000111101111
0000100010001
0000010010011
0000000000000
0000000100000
0000010100001
0101100100010
0001000100110
0000111101100
0000110101110
0000111101111
0000100010001
0000010010011
0000000000000
0000000100000
0000010100001
0101100100010
0001000100110
0000111101100
0000110101110
0000111101111
0000100010001
0000010010011
0000000000000
0000000100000
0000010100001
0101100100010
0001000100110
0000111101100
0000110101110
0000111101111
0000100010001
0000010010011
0000000000000
0000000100000
0000010100001
0101100100010
0001000100110
0000111101100
0000110101110
0000111101111
0000100010001
0000010010011
0000000000000
0000000100000
0000010100001
0101100100010
0001000100110
0000111101100
0000110101110
0000111101111
0000100010001
0000010010011
0000000000000
0000000100000
0000010100001
0101100100010
0001000100110
0000111101100
0000110101110
0000111101111
0000100010001
0000010010011
0000000000000
0000000100000
0000010100001
0101100100010
0001000100110
0000111101100
0000110101110
0000111101111
0000100010001
0000010010011
0000000000000
0000000100000
0000010100001
0101100100010
0001000100110
0000111101100
0000110101110
0000111101111
0000100010001
0000010010011
0000000000000
0000000100000
0000010100001
0101100100010
0001000100110
0000111101100
0000110101110
0000111101111
0000100010001
0000010010011
0000000000000
0000000100000
0000010100001
0101100100010
0001000100110
0000111101100
0000110101110
0000111101111
0000100010001
0000010010011
0000000000000
0000000100000
0000010100001
0101100100010
0001000100110
0000111101100
0000110101110
0000111101111
0000100010001
0000010010011
0000000000000
0000000100000
0000010100001
0101100100010
0001000100110
0000111101100
0000110101110
0000111101111
0000100010001
0000010010011
0000000000000
0000000100000
0000010100001
0101100100010
0001000100110
0000111101100
0000110101110
0000111101111
0000100010001
0000010010011
0000000000000
0000000100000
0000010100001
0101100100010
0001000100110
0000111101100
0000110101110
0000111101111
0000100010001
0000010010011
0000000000000
0000000100000
0000010100001
0101100100010
0001000100110
0000111101100
0000110101110
0000111101111
0000100010001
0000010010011
0000000000000
0000000100000
0000001100001
0000110000110
0000110001000
0000001101011
0000011001100
0010110110001
0000000000000
0000000100000
0000001100001
0000110000110
0000110001000
0000001101011
0000011001100
0010110110001
0000000000000
0000000100000
0000001100001
0000110000110
0000110001000
0000001101011
0000011001100
0010110110001
0000000000000
0000000100000
0000001100001
0000110000110
0000110001000
0000001101011
0000011001100
0010110110001
0000000000000
0000000100000
0000001100001
0000110000110
0000110001000
0000001101011
0000011001100
0010110110001
0000000000000
0000000100000
0000001100001
0000110000110
0000110001000
0000001101011
0000011001100
0010110110001
0000000000000
0000000100000
0000001100001
0000110000110
0000110001000
0000001101011
0000011001100
0010110110001
0000000000000
0000000100000
0000001100001
0000110000110
0000110001000
0000001101011
0000011001100
0010110110001
0000000000000
0000000100000
0000001100001
0000110000110
0000110001000
0000001101011
0000011001100
0010110110001
0000000000000
0000000100000
0000001100001
0000110000110
0000110001000
0000001101011
0000011001100
0010110110001
0000000000000
0000000100000
0000001100001
0000110000110
0000110001000
0000001101011
0000011001100
0010110110001
0000000000000
0000000100000
0000001100001
0000110000110
0000110001000
0000001101011
0000011001100
0010110110001
0000000000000
0000000100000
0000001100001
0000110000110
0000110001000
0000001101011
0000011001100
0010110110001
0000000000000
0000000100000
0000001100001
0000110000110
0000110001000
0000001101011
0000011001100
0010110110001
0000000000000
0000000100000
0000001100001
0000110000110
0000110001000
0000001101011
0000011001100
0010110110001
0000000000000
0000000100000
0000001100001
0000110000110
0000110001000
0000001101011
0000011001100
0010110110001
0000000000000
0000000100000
0000001100001
0000110000110
0000110001000
0000001101011
0000011001100
0010110110001
0000000000000
0000000100000
0000001100001
0000110000110
0000110001000
0000001101011
0000011001100
0010110110001
0000000000000
0000000100000
0000001100001
0000110000110
0000110001000
0000001101011
0000011001100
0010110110001
0000000000000
0000000100000
0000001100001
0000110000110
0000110001000
0000001101011
0000011001100
0010110110001
0000000000000
0000000100000
0000001100001
0000110000110
0000110001000
0000001101011
0000011001100
0010110110001
0000000000000
0000001000010
0011010000100
0000001100110
0001010001001
0000011101110
0001010101111
0000001110000
0000000000000
0000001000010
0011010000100
0000001100110
0001010001001
0000011101110
0001010101111
0000001110000
0000000000000
0000001000010
0011010000100
0000001100110
0001010001001
0000011101110
0001010101111
0000001110000
0000000000000
0000001000010
0011010000100
0000001100110
0001010001001
0000011101110
0001010101111
0000001110000
0000000000000
0000001000010
0011010000100
0000001100110
0001010001001
0000011101110
0001010101111
0000001110000
0000000000000
0000001000010
0011010000100
0000001100110
0001010001001
0000011101110
0001010101111
0000001110000
0000000000000
0000001000010
0011010000100
0000001100110
0001010001001
0000011101110
0001010101111
0000001110000
0000000000000
0000001000010
0011010000100
0000001100110
0001010001001
0000011101110
0001010101111
0000001110000
0000000000000
0000001000010
0011010000100
0000001100110
0001010001001
0000011101110
0001010101111
0000001110000
0000000000000
0000001000010
0011010000100
0000001100110
0001010001001
0000011101110
0001010101111
0000001110000
0000000000000
0000001000010
0011010000100
0000001100110
0001010001001
0000011101110
0001010101111
0000001110000
0000000000000
0000001000010
0011010000100
0000001100110
0001010001001
0000011101110
0001010101111
0000001110000
0000000000000
0000001000010
0011010000100
0000001100110
0001010001001
0000011101110
0001010101111
0000001110000
0000000000000
0000001000010
0011010000100
0000001100110
0001010001001
0000011101110
0001010101111
0000001110000
0000000000000
0000001000010
0011010000100
0000001100110
0001010001001
0000011101110
0001010101111
0000001110000
0000000000000
0000001000010
0011010000100
0000001100110
0001010001001
0000011101110
0001010101111
0000001110000
0000000000000
0000001000010
0011010000100
0000001100110
0001010001001
0000011101110
0001010101111
0000001110000
0000000000000
0000001000010
0011010000100
0000001100110
0001010001001
0000011101110
0001010101111
0000001110000
0000000000000
0000001000010
0011010000100
0000001100110
0001010001001
0000011101110
0001010101111
0000001110000
0000000000000
0000001000010
0011010000100
0000001100110
0001010001001
0000011101110
0001010101111
0000001110000
0000000000000
0000001000010
0011010000100
0000001100110
0001010001001
0000011101110
0001010101111
0000001110000
0000000000000
0000111000000
0000010000101
0000010001000
0000001001001
0001110101011
0000110001100
0101110001111
0000010110001
0000000000000
0000111000000
0000010000101
0000010001000
0000001001001
0001110101011
0000110001100
0101110001111
0000010110001
0000000000000
0000111000000
0000010000101
0000010001000
0000001001001
0001110101011
0000110001100
0101110001111
0000010110001
0000000000000
0000111000000
0000010000101
0000010001000
0000001001001
0001110101011
0000110001100
0101110001111
0000010110001
0000000000000
0000111000000
0000010000101
0000010001000
0000001001001
0001110101011
0000110001100
0101110001111
0000010110001
0000000000000
0000111000000
0000010000101
0000010001000
0000001001001
0001110101011
0000110001100
0101110001111
0000010110001
0000000000000
0000111000000
0000010000101
0000010001000
0000001001001
0001110101011
0000110001100
0101110001111
0000010110001
0000000000000
0000111000000
0000010000101
0000010001000
0000001001001
0001110101011
0000110001100
0101110001111
0000010110001
0000000000000
0000111000000
0000010000101
0000010001000
0000001001001
0001110101011
0000110001100
0101110001111
0000010110001
0000000000000
0000111000000
0000010000101
0000010001000
0000001001001
0001110101011
0000110001100
0101110001111
0000010110001
0000000000000
0000111000000
0000010000101
0000010001000
0000001001001
0001110101011
0000110001100
0101110001111
0000010110001
0000000000000
0000111000000
0000010000101
0000010001000
0000001001001
0001110101011
0000110001100
0101110001111
0000010110001
0000000000000
0000111000000
0000010000101
0000010001000
0000001001001
0001110101011
0000110001100
0101110001111
0000010110001
0000000000000
0000111000000
0000010000101
0000010001000
0000001001001
0001110101011
0000110001100
0101110001111
0000010110001
0000000000000
0000111000000
0000010000101
0000010001000
0000001001001
0001110101011
0000110001100
0101110001111
0000010110001
0000000000000
0000111000000
0000010000101
0000010001000
0000001001001
0001110101011
0000110001100
0101110001111
0000010110001
0000000000000
0000111000000
0000010000101
0000010001000
0000001001001
0001110101011
0000110001100
0101110001111
0000010110001
0000000000000
0000111000000
0000010000101
0000010001000
0000001001001
0001110101011
0000110001100
0101110001111
0000010110001
0000000000000
0000111000000
0000010000101
0000010001000
0000001001001
0001110101011
0000110001100
0101110001111
0000010110001
0000000000000
0000111000000
0000010000101
0000010001000
0000001001001
0001110101011
0000110001100
0101110001111
0000010110001
0000000000000
0000111000000
0000010000101
0000010001000
0000001001001
0001110101011
0000110001100
0101110001111
0000010110001
0000000000000
0000001100001
0000110100010
0000100100011
0000110000100
0000101100110
0000100101000
0001000101101
0001010101110
0000111001111
0000011110011
0000000000000
0000001100001
0000110100010
0000100100011
0000110000100
0000101100110
0000100101000
0001000101101
0001010101110
0000111001111
0000011110011
0000000000000
0000001100001
0000110100010
0000100100011
0000110000100
0000101100110
0000100101000
0001000101101
0001010101110
0000111001111
0000011110011
0000000000000
0000001100001
0000110100010
0000100100011
0000110000100
0000101100110
0000100101000
0001000101101
0001010101110
0000111001111
0000011110011
0000000000000
0000001100001
0000110100010
0000100100011
0000110000100
0000101100110
0000100101000
0001000101101
0001010101110
0000111001111
0000011110011
0000000000000
0000001100001
0000110100010
0000100100011
0000110000100
0000101100110
0000100101000
0001000101101
0001010101110
0000111001111
0000011110011
0000000000000
0000001100001
0000110100010
0000100100011
0000110000100
0000101100110
0000100101000
0001000101101
0001010101110
0000111001111
0000011110011
0000000000000
0000001100001
0000110100010
0000100100011
0000110000100
0000101100110
0000100101000
0001000101101
0001010101110
0000111001111
0000011110011
0000000000000
0000001100001
0000110100010
0000100100011
0000110000100
0000101100110
0000100101000
0001000101101
0001010101110
0000111001111
0000011110011
0000000000000
0000001100001
0000110100010
0000100100011
0000110000100
0000101100110
0000100101000
0001000101101
0001010101110
0000111001111
0000011110011
0000000000000
0000001100001
0000110100010
0000100100011
0000110000100
0000101100110
0000100101000
0001000101101
0001010101110
0000111001111
0000011110011
0000000000000
0000001100001
0000110100010
0000100100011
0000110000100
0000101100110
0000100101000
0001000101101
0001010101110
0000111001111
0000011110011
0000000000000
0000001100001
0000110100010
0000100100011
0000110000100
0000101100110
0000100101000
0001000101101
0001010101110
0000111001111
0000011110011
0000000000000
0000001100001
0000110100010
0000100100011
0000110000100
0000101100110
0000100101000
0001000101101
0001010101110
0000111001111
0000011110011
0000000000000
0000001100001
0000110100010
0000100100011
0000110000100
0000101100110
0000100101000
0001000101101
0001010101110
0000111001111
0000011110011
0000000000000
0000001100001
0000110100010
0000100100011
0000110000100
0000101100110
0000100101000
0001000101101
0001010101110
0000111001111
0000011110011
0000000000000
0000001100001
0000110100010
0000100100011
0000110000100
0000101100110
0000100101000
0001000101101
0001010101110
0000111001111
0000011110011
0000000000000
0000001100001
0000110100010
0000100100011
0000110000100
0000101100110
0000100101000
0001000101101
0001010101110
0000111001111
0000011110011
0000000000000
0000001100001
0000110100010
0000100100011
0000110000100
0000101100110
0000100101000
0001000101101
0001010101110
0000111001111
0000011110011
0000000000000
0000001100001
0000110100010
0000100100011
0000110000100
0000101100110
0000100101000
0001000101101
0001010101110
0000111001111
0000011110011
0000000000000
0000001100001
0000110100010
0000100100011
0000110000100
0000101100110
0000100101000
0001000101101
0001010101110
0000111001111
0000011110011
0000000000000
