000000010011
000000010011
000000010011
000000010011
000000010011
000000010011
000000010011
000000010011
000000010011
000000010011
000000010011
000000010011
000000010011
000000000000
000000010011
000000010011
000000010011
000000010011
000000010011
000000010011
000000010011
000000010011
000000010011
000000010011
000000010011
000000010011
000000010011
000000000000
000000010011
000000010011
000000010011
000000010011
000000010011
000000010011
000000010011
000000010011
000000010011
000000010011
000000010011
000000010011
000000010011
000000000000
000000010011
000000010011
000000010011
000000010011
000000010011
000000010011
000000010011
000000010011
000000010011
000000010011
000000010011
000000010011
000000010011
000000000000
000000010011
000000010011
000000010011
000000010011
000000010011
000000010011
000000010011
000000010011
000000010011
000000010011
000000010011
000000010011
000000010011
000000000000
000000010011
000000010011
000000010011
000000010011
000000010011
000000010011
000000010011
000000010011
000000010011
000000010011
000000010011
000000010011
000000010011
000000000000
000000010011
000000010011
000000010011
000000010011
000000010011
000000010011
000000010011
000000010011
000000010011
000000010011
000000010011
000000010011
000000010011
000000000000
000000010011
000000010011
000000010011
000000010011
000000010011
000000010011
000000010011
000000010011
000000010011
000000010011
000000010011
000000010011
000000010011
000000000000
000000010011
000000010011
000000010011
000000010011
000000010011
000000010011
000000010011
000000010011
000000010011
000000010011
000000010011
000000010011
000000010010
000010010011
000000010001
000010010010
000010010011
000000010000
000010010001
000010010010
000010010011
000000000000
000000010011
000000010011
000000010011
000000010011
000000010011
000000010011
000000010011
000000010011
000000010011
000000010011
000000010000
000010010001
000010010010
000010010011
000010010000
000010010001
000010010010
001111110011
000010010000
000010010001
001111110010
010001000011
000010010000
001111110001
010001000010
010101110011
001111110000
010001000001
010101110010
000011010011
000000000000
000000010011
000000010011
000000010011
000000010011
000000010011
000000010011
000000010011
000000010011
000000010011
000000010011
001111110000
010001000001
010101110010
000011010011
010001000000
010101110001
000011010010
010100110011
010101110000
000011010001
010100110010
011111110011
000011010000
010100110001
011111110010
011110110011
010100110000
011111110001
011110110010
001111110011
000000000000
000000010011
000000010011
000000010011
000000010011
000000010011
000000010011
000000010011
000000010011
000000010011
000000010011
010100110000
011111110001
011110110010
001111110011
011111110000
011110110001
001111110010
011110110000
001111110001
001111110000
000000000000
000000010011
000000010011
000000010011
000000010011
000000010011
000000010011
000000010011
000000010011
000000010011
000000010011
000000010011
000000010011
000000010011
000000000000
000000010011
000000010011
000000010011
000000010011
000000010011
000000010011
000000010011
000000010011
000000010011
000000010011
000000010011
000011110011
000011110010
000100100011
000011110001
000100100010
001011110011
000011110000
000100100001
001011110010
010011010011
000000000000
000000010011
000000010011
000000010011
000000010011
000000010011
000000010011
000000010011
000000010011
000000010011
000000010010
000010010011
000000010001
000010010010
000010010011
000000010000
000010010001
000010010010
000010010011
000011110000
000100100001
001011110010
010011010011
000100100000
001011110001
010011010010
010101010011
001011110000
010011010001
010101010010
011111100011
010011010000
010101010001
011111100010
011111100011
010101010000
011111100001
011111100010
011111100011
000000000000
000000010011
000000010011
000000010011
000000010011
000000010011
000000010011
000000010011
000000010011
000000010000
000010010001
000010010010
000010010011
000010010000
000010010001
000010010010
001111110011
000010010000
000010010001
001111110010
010001000011
000010010000
001111110001
010001000010
010101110011
001111110000
010001000001
010101110010
000011010011
010101010000
011111100001
011111100010
011111100011
011111100000
011111100001
011111100010
011111100011
011111100000
011111100001
011111100010
011111100011
011111100000
011111100001
011111100010
011100000011
011111100000
011111100001
011100000010
010101100011
000000000000
000000010011
000000010011
000000010011
000000010011
000000010011
000000010011
000000010011
000000010011
001111110000
010001000001
010101110010
000011010011
010001000000
010101110001
000011010010
010100110011
010101110000
000011010001
010100110010
011111110011
000011010000
010100110001
011111110010
011110110011
010100110000
011111110001
011110110010
001111110011
011111100000
011111100001
011100000010
010101100011
011111100000
011100000001
010101100010
011111100011
011100000000
010101100001
011111100010
011110010011
010101100000
011111100001
011110010010
011000010011
011111100000
011110010001
011000010010
001000000011
000000000000
000000010011
000000010011
000000010011
000000010011
000000010011
000000010011
000000010011
000000010011
010100110000
011111110001
011110110010
001111110011
011111110000
011110110001
001111110010
011110110000
001111110001
001111110000
011111100000
011110010001
011000010010
001000000011
011110010000
011000010001
001000000010
011000010000
001000000001
001000000000
000000000000
000000010011
000000010011
000000010011
000000010011
000000010011
000000010011
000000010011
000000010011
000000010011
000000010011
000000010011
000000010011
000110000011
000000000000
000000010011
000000010011
000000010011
000000010011
000000010011
000000010011
000000010011
000000010011
000011110011
000011110010
000100100011
000011110001
000100100010
001011110011
000011110000
000100100001
001011110010
010011010011
000110000011
000110000010
011101110011
000110000001
011101110010
011111100011
000110000000
011101110001
011111100010
011111100011
011101110000
011111100001
011111100010
011111100011
000000000000
000000010011
000000010011
000000010011
000000010011
000000010011
000000010011
000000010011
000000010010
000010010011
000000010001
000010010010
000010010011
000000010000
000010010001
000010010010
000010010011
000011110000
000100100001
001011110010
010011010011
000100100000
001011110001
010011010010
010101010011
001011110000
010011010001
010101010010
011111100011
010011010000
010101010001
011111100010
011111100011
010101010000
011111100001
011111100010
011111100011
011101110000
011111100001
011111100010
011111100011
011111100000
011111100001
011111100010
011111100011
011111100000
011111100001
011111100010
011111100011
011111100000
011111100001
011111100010
011111100011
011111100000
011111100001
011111100010
011111100011
000000000000
000000010011
000000010011
000000010011
000000010011
000000010011
000000010000
000010010001
000010010010
000010010011
000010010000
000010010001
000010010010
001111110011
000010010000
000010010001
001111110010
010001000011
000010010000
001111110001
010001000010
010101110011
001111110000
010001000001
010101110010
000011010011
010101010000
011111100001
011111100010
011111100011
011111100000
011111100001
011111100010
011111100011
011111100000
011111100001
011111100010
011111100011
011111100000
011111100001
011111100010
011100000011
011111100000
011111100001
011100000010
010101100011
011111100000
011111100001
011111100010
011111100011
011111100000
011111100001
011111100010
011111100011
011111100000
011111100001
011111100010
011111010011
011111100000
011111100001
011111010010
001011100011
011111100000
011111010001
001011100010
001010000011
000000000000
000000010011
000000010011
000000010011
000000010011
000000010011
001111110000
010001000001
010101110010
000011010011
010001000000
010101110001
000011010010
010100110011
010101110000
000011010001
010100110010
011111110011
000011010000
010100110001
011111110010
011110110011
010100110000
011111110001
011110110010
001111110011
011111100000
011111100001
011100000010
010101100011
011111100000
011100000001
010101100010
011111100011
011100000000
010101100001
011111100010
011110010011
010101100000
011111100001
011110010010
011000010011
011111100000
011110010001
011000010010
001000000011
011111100000
011111010001
001011100010
001010000011
011111010000
001011100001
001010000010
001010000011
001011100000
001010000001
001010000010
000111000011
001010000000
001010000001
000111000010
000100110011
001010000000
000111000001
000100110010
000000000000
000000010011
000000010011
000000010011
000000010011
000000010011
010100110000
011111110001
011110110010
001111110011
011111110000
011110110001
001111110010
011110110000
001111110001
001111110000
011111100000
011110010001
011000010010
001000000011
011110010000
011000010001
001000000010
011000010000
001000000001
001000000000
001010000000
000111000001
000100110010
000111000000
000100110001
000100110000
000000010011
000000000000
000000010011
000000010011
000000010011
000000010011
000000010011
000000010011
000000010011
000000010011
000000010011
000000010011
000110000011
000000010011
000000010011
000010010011
000000000000
000000010011
000000010011
000000010011
000000010011
000000010011
000000010011
000011110011
000011110010
000100100011
000011110001
000100100010
001011110011
000011110000
000100100001
001011110010
010011010011
000110000011
000110000010
011101110011
000110000001
011101110010
011111100011
000110000000
011101110001
011111100010
011111100011
011101110000
011111100001
011111100010
011111100011
000010010011
000010010010
011011010011
000010010001
011011010010
011111100011
000010010000
011011010001
011111100010
011111100011
011011010000
011111100001
011111100010
011111100011
000000000000
000000010011
000000010011
000000010011
000000010011
000000010010
000010010011
000000010001
000010010010
000010010011
000000010000
000010010001
000010010010
000010010011
000011110000
000100100001
001011110010
010011010011
000100100000
001011110001
010011010010
010101010011
001011110000
010011010001
010101010010
011111100011
010011010000
010101010001
011111100010
011111100011
010101010000
011111100001
011111100010
011111100011
011101110000
011111100001
011111100010
011111100011
011111100000
011111100001
011111100010
011111100011
011111100000
011111100001
011111100010
011111100011
011111100000
011111100001
011111100010
011111100011
011111100000
011111100001
011111100010
011111100011
011011010000
011111100001
011111100010
011111100011
011111100000
011111100001
011111100010
011111100011
011111100000
011111100001
011111100010
011111100011
011111100000
011111100001
011111100010
011000110011
011111100000
011111100001
011000110010
010110110011
000000000000
000000010011
000000010011
000000010011
000000010000
000010010001
000010010010
000010010011
000010010000
000010010001
000010010010
001111110011
000010010000
000010010001
001111110010
010001000011
000010010000
001111110001
010001000010
010101110011
001111110000
010001000001
010101110010
000011010011
010101010000
011111100001
011111100010
011111100011
011111100000
011111100001
011111100010
011111100011
011111100000
011111100001
011111100010
011111100011
011111100000
011111100001
011111100010
011100000011
011111100000
011111100001
011100000010
010101100011
011111100000
011111100001
011111100010
011111100011
011111100000
011111100001
011111100010
011111100011
011111100000
011111100001
011111100010
011111010011
011111100000
011111100001
011111010010
001011100011
011111100000
011111010001
001011100010
001010000011
011111100000
011111100001
011000110010
010110110011
011111100000
011000110001
010110110010
011110110011
011000110000
010110110001
011110110010
011110000011
010110110000
011110110001
011110000010
011110110000
011110000001
000000000000
000000010011
000000010011
000000010011
001111110000
010001000001
010101110010
000011010011
010001000000
010101110001
000011010010
010100110011
010101110000
000011010001
010100110010
011111110011
000011010000
010100110001
011111110010
011110110011
010100110000
011111110001
011110110010
001111110011
011111100000
011111100001
011100000010
010101100011
011111100000
011100000001
010101100010
011111100011
011100000000
010101100001
011111100010
011110010011
010101100000
011111100001
011110010010
011000010011
011111100000
011110010001
011000010010
001000000011
011111100000
011111010001
001011100010
001010000011
011111010000
001011100001
001010000010
001010000011
001011100000
001010000001
001010000010
000111000011
001010000000
001010000001
000111000010
000100110011
001010000000
000111000001
000100110010
011110110000
011110000001
011110000000
000000010011
000000000000
000000010011
000000010011
000000010011
010100110000
011111110001
011110110010
001111110011
011111110000
011110110001
001111110010
011110110000
001111110001
001111110000
011111100000
011110010001
011000010010
001000000011
011110010000
011000010001
001000000010
011000010000
001000000001
001000000000
001010000000
000111000001
000100110010
000111000000
000100110001
000100110000
000000010011
000000010011
000000010011
000000000000
000000010011
000000010011
000000010011
000000010011
000000010011
000000010011
000000010011
000110000011
000000010011
000000010011
000010010011
000000010011
000000010011
000000000000
000000010011
000000010011
000000010011
000011110011
000011110010
000100100011
000011110001
000100100010
001011110011
000011110000
000100100001
001011110010
010011010011
000110000011
000110000010
011101110011
000110000001
011101110010
011111100011
000110000000
011101110001
011111100010
011111100011
011101110000
011111100001
011111100010
011111100011
000010010011
000010010010
011011010011
000010010001
011011010010
011111100011
000010010000
011011010001
011111100010
011111100011
011011010000
011111100001
011111100010
011111100011
001010000011
001010000010
010011100011
001010000001
010011100010
001101010011
001010000000
010011100001
001101010010
011111100011
000000000000
000000010011
000000010011
000000010010
000010010011
000000010001
000010010010
000010010011
000000010000
000010010001
000010010010
000010010011
000011110000
000100100001
001011110010
010011010011
000100100000
001011110001
010011010010
010101010011
001011110000
010011010001
010101010010
011111100011
010011010000
010101010001
011111100010
011111100011
010101010000
011111100001
011111100010
011111100011
011101110000
011111100001
011111100010
011111100011
011111100000
011111100001
011111100010
011111100011
011111100000
011111100001
011111100010
011111100011
011111100000
011111100001
011111100010
011111100011
011111100000
011111100001
011111100010
011111100011
011011010000
011111100001
011111100010
011111100011
011111100000
011111100001
011111100010
011111100011
011111100000
011111100001
011111100010
011111100011
011111100000
011111100001
011111100010
011000110011
011111100000
011111100001
011000110010
010110110011
001010000000
010011100001
001101010010
011111100011
010011100000
001101010001
011111100010
011111100011
001101010000
011111100001
011111100010
011001100011
011111100000
011111100001
011001100010
000001010011
011111100000
011001100001
000001010010
000000000000
000000010000
000010010001
000010010010
000010010011
000010010000
000010010001
000010010010
001111110011
000010010000
000010010001
001111110010
010001000011
000010010000
001111110001
010001000010
010101110011
001111110000
010001000001
010101110010
000011010011
010101010000
011111100001
011111100010
011111100011
011111100000
011111100001
011111100010
011111100011
011111100000
011111100001
011111100010
011111100011
011111100000
011111100001
011111100010
011100000011
011111100000
011111100001
011100000010
010101100011
011111100000
011111100001
011111100010
011111100011
011111100000
011111100001
011111100010
011111100011
011111100000
011111100001
011111100010
011111010011
011111100000
011111100001
011111010010
001011100011
011111100000
011111010001
001011100010
001010000011
011111100000
011111100001
011000110010
010110110011
011111100000
011000110001
010110110010
011110110011
011000110000
010110110001
011110110010
011110000011
010110110000
011110110001
011110000010
011110110000
011110000001
011111100000
011001100001
000001010010
011001100000
000001010001
000101010011
000001010000
000101010010
010011010011
000101010001
010011010010
000101010000
010011010001
000000000000
001111110000
010001000001
010101110010
000011010011
010001000000
010101110001
000011010010
010100110011
010101110000
000011010001
010100110010
011111110011
000011010000
010100110001
011111110010
011110110011
010100110000
011111110001
011110110010
001111110011
011111100000
011111100001
011100000010
010101100011
011111100000
011100000001
010101100010
011111100011
011100000000
010101100001
011111100010
011110010011
010101100000
011111100001
011110010010
011000010011
011111100000
011110010001
011000010010
001000000011
011111100000
011111010001
001011100010
001010000011
011111010000
001011100001
001010000010
001010000011
001011100000
001010000001
001010000010
000111000011
001010000000
001010000001
000111000010
000100110011
001010000000
000111000001
000100110010
011110110000
011110000001
011110000000
000000010011
000101010000
010011010001
010011010000
000000010011
000000000000
010100110000
011111110001
011110110010
001111110011
011111110000
011110110001
001111110010
011110110000
001111110001
001111110000
011111100000
011110010001
011000010010
001000000011
011110010000
011000010001
001000000010
011000010000
001000000001
001000000000
001010000000
000111000001
000100110010
000111000000
000100110001
000100110000
000000010011
000000010011
000000010011
000000010011
000000010011
000000010011
000000000000
000000010011
000000010011
000000010011
000000010011
000000010011
000110000011
000000010011
000000010011
000010010011
000000010011
000000010011
000000010011
000000010011
000000010011
000000000000
000000010011
000011110011
000011110010
000100100011
000011110001
000100100010
001011110011
000011110000
000100100001
001011110010
010011010011
000110000011
000110000010
011101110011
000110000001
011101110010
011111100011
000110000000
011101110001
011111100010
011111100011
011101110000
011111100001
011111100010
011111100011
000010010011
000010010010
011011010011
000010010001
011011010010
011111100011
000010010000
011011010001
011111100010
011111100011
011011010000
011111100001
011111100010
011111100011
001010000011
001010000010
010011100011
001010000001
010011100010
001101010011
001010000000
010011100001
001101010010
011111100011
000000010011
000001110011
000001110010
000001110001
010011010011
000000000000
000011110000
000100100001
001011110010
010011010011
000100100000
001011110001
010011010010
010101010011
001011110000
010011010001
010101010010
011111100011
010011010000
010101010001
011111100010
011111100011
010101010000
011111100001
011111100010
011111100011
011101110000
011111100001
011111100010
011111100011
011111100000
011111100001
011111100010
011111100011
011111100000
011111100001
011111100010
011111100011
011111100000
011111100001
011111100010
011111100011
011111100000
011111100001
011111100010
011111100011
011011010000
011111100001
011111100010
011111100011
011111100000
011111100001
011111100010
011111100011
011111100000
011111100001
011111100010
011111100011
011111100000
011111100001
011111100010
011000110011
011111100000
011111100001
011000110010
010110110011
001010000000
010011100001
001101010010
011111100011
010011100000
001101010001
011111100010
011111100011
001101010000
011111100001
011111100010
011001100011
011111100000
011111100001
011001100010
000001010011
011111100000
011001100001
000001010010
000001110001
010011010011
000001110000
010011010010
011111100011
010011010001
011111100010
001011000011
010011010000
011111100001
001011000010
011111100000
001011000001
000000000000
010101010000
011111100001
011111100010
011111100011
011111100000
011111100001
011111100010
011111100011
011111100000
011111100001
011111100010
011111100011
011111100000
011111100001
011111100010
011100000011
011111100000
011111100001
011100000010
010101100011
011111100000
011111100001
011111100010
011111100011
011111100000
011111100001
011111100010
011111100011
011111100000
011111100001
011111100010
011111010011
011111100000
011111100001
011111010010
001011100011
011111100000
011111010001
001011100010
001010000011
011111100000
011111100001
011000110010
010110110011
011111100000
011000110001
010110110010
011110110011
011000110000
010110110001
011110110010
011110000011
010110110000
011110110001
011110000010
011110110000
011110000001
011111100000
011001100001
000001010010
011001100000
000001010001
000101010011
000001010000
000101010010
010011010011
000101010001
010011010010
000101010000
010011010001
011111100000
001011000001
001011000000
000000010011
000000000000
011111100000
011111100001
011100000010
010101100011
011111100000
011100000001
010101100010
011111100011
011100000000
010101100001
011111100010
011110010011
010101100000
011111100001
011110010010
011000010011
011111100000
011110010001
011000010010
001000000011
011111100000
011111010001
001011100010
001010000011
011111010000
001011100001
001010000010
001010000011
001011100000
001010000001
001010000010
000111000011
001010000000
001010000001
000111000010
000100110011
001010000000
000111000001
000100110010
011110110000
011110000001
011110000000
000000010011
000101010000
010011010001
010011010000
000000010011
000000010011
000000010011
000000010011
000000000000
011111100000
011110010001
011000010010
001000000011
011110010000
011000010001
001000000010
011000010000
001000000001
001000000000
001010000000
000111000001
000100110010
000111000000
000100110001
000100110000
000000010011
000000010011
000000010011
000000010011
000000010011
000000010011
000000010011
000000010011
000000000000
000000010011
000000010011
000110000011
000000010011
000000010011
000010010011
000000010011
000000010011
000000010011
000000010011
000000010011
000000010011
000000010011
000000000000
000110000011
000110000010
011101110011
000110000001
011101110010
011111100011
000110000000
011101110001
011111100010
011111100011
011101110000
011111100001
011111100010
011111100011
000010010011
000010010010
011011010011
000010010001
011011010010
011111100011
000010010000
011011010001
011111100010
011111100011
011011010000
011111100001
011111100010
011111100011
001010000011
001010000010
010011100011
001010000001
010011100010
001101010011
001010000000
010011100001
001101010010
011111100011
000000010011
000001110011
000001110010
000001110001
010011010011
000000010011
000000010011
010001010011
000000000000
011101110000
011111100001
011111100010
011111100011
011111100000
011111100001
011111100010
011111100011
011111100000
011111100001
011111100010
011111100011
011111100000
011111100001
011111100010
011111100011
011111100000
011111100001
011111100010
011111100011
011011010000
011111100001
011111100010
011111100011
011111100000
011111100001
011111100010
011111100011
011111100000
011111100001
011111100010
011111100011
011111100000
011111100001
011111100010
011000110011
011111100000
011111100001
011000110010
010110110011
001010000000
010011100001
001101010010
011111100011
010011100000
001101010001
011111100010
011111100011
001101010000
011111100001
011111100010
011001100011
011111100000
011111100001
011001100010
000001010011
011111100000
011001100001
000001010010
000001110001
010011010011
000001110000
010011010010
011111100011
010011010001
011111100010
001011000011
010011010000
011111100001
001011000010
011111100000
001011000001
010001010011
010001010010
011111100011
010001010001
011111100010
010111110011
010001010000
011111100001
010111110010
000000010011
011111100000
010111110001
000000010010
000000000000
011111100000
011111100001
011111100010
011111100011
011111100000
011111100001
011111100010
011111100011
011111100000
011111100001
011111100010
011111010011
011111100000
011111100001
011111010010
001011100011
011111100000
011111010001
001011100010
001010000011
011111100000
011111100001
011000110010
010110110011
011111100000
011000110001
010110110010
011110110011
011000110000
010110110001
011110110010
011110000011
010110110000
011110110001
011110000010
011110110000
011110000001
011111100000
011001100001
000001010010
011001100000
000001010001
000101010011
000001010000
000101010010
010011010011
000101010001
010011010010
000101010000
010011010001
011111100000
001011000001
001011000000
000000010011
011111100000
010111110001
000000010010
010111110000
000000010001
000000010000
000000010011
000000000000
011111100000
011111010001
001011100010
001010000011
011111010000
001011100001
001010000010
001010000011
001011100000
001010000001
001010000010
000111000011
001010000000
001010000001
000111000010
000100110011
001010000000
000111000001
000100110010
011110110000
011110000001
011110000000
000000010011
000101010000
010011010001
010011010000
000000010011
000000010011
000000010011
000000010011
000000010011
000000010011
000000000000
001010000000
000111000001
000100110010
000111000000
000100110001
000100110000
000000010011
000000010011
000000010011
000000010011
000000010011
000000010011
000000010011
000000010011
000000010011
000000010011
000000010011
000000000000
000000010011
000000010011
000010010011
000000010011
000000010011
000000010011
000000010011
000000010011
000000010011
000000010011
000000010011
000000010011
000000010011
000000000000
000010010011
000010010010
011011010011
000010010001
011011010010
011111100011
000010010000
011011010001
011111100010
011111100011
011011010000
011111100001
011111100010
011111100011
001010000011
001010000010
010011100011
001010000001
010011100010
001101010011
001010000000
010011100001
001101010010
011111100011
000000010011
000001110011
000001110010
000001110001
010011010011
000000010011
000000010011
010001010011
000000010011
000000010011
000001010011
000000000000
011011010000
011111100001
011111100010
011111100011
011111100000
011111100001
011111100010
011111100011
011111100000
011111100001
011111100010
011111100011
011111100000
011111100001
011111100010
011000110011
011111100000
011111100001
011000110010
010110110011
001010000000
010011100001
001101010010
011111100011
010011100000
001101010001
011111100010
011111100011
001101010000
011111100001
011111100010
011001100011
011111100000
011111100001
011001100010
000001010011
011111100000
011001100001
000001010010
000001110001
010011010011
000001110000
010011010010
011111100011
010011010001
011111100010
001011000011
010011010000
011111100001
001011000010
011111100000
001011000001
010001010011
010001010010
011111100011
010001010001
011111100010
010111110011
010001010000
011111100001
010111110010
000000010011
011111100000
010111110001
000000010010
000001010011
000001010010
010111110011
000001010001
010111110010
011111100011
000001010000
010111110001
011111100010
001000110011
010111110000
011111100001
001000110010
000000000000
011111100000
011111100001
011000110010
010110110011
011111100000
011000110001
010110110010
011110110011
011000110000
010110110001
011110110010
011110000011
010110110000
011110110001
011110000010
011110110000
011110000001
011111100000
011001100001
000001010010
011001100000
000001010001
000101010011
000001010000
000101010010
010011010011
000101010001
010011010010
000101010000
010011010001
011111100000
001011000001
001011000000
000000010011
011111100000
010111110001
000000010010
010111110000
000000010001
000000010000
000000010011
010111110000
011111100001
001000110010
011111100000
001000110001
001000110000
000000010011
000000000000
011110110000
011110000001
011110000000
000000010011
000101010000
010011010001
010011010000
000000010011
000000010011
000000010011
000000010011
000000010011
000000010011
000000010011
000000010011
000000010011
000000000000
000000010011
000000010011
000000010011
000000010011
000000010011
000000010011
000000010011
000000010011
000000010011
000000010011
000000010011
000000010011
000000010011
000000000000
000000010011
000000010011
000000010011
000000010011
000000010011
000000010011
000000010011
000000010011
000000010011
000000010011
000000010011
000000010011
000000010011
000000000000
000000010011
001010000011
001010000010
010011100011
001010000001
010011100010
001101010011
001010000000
010011100001
001101010010
011111100011
000000010011
000001110011
000001110010
000001110001
010011010011
000000010011
000000010011
010001010011
000000010011
000000010011
000001010011
000000010011
000000010011
000000000000
001010000000
010011100001
001101010010
011111100011
010011100000
001101010001
011111100010
011111100011
001101010000
011111100001
011111100010
011001100011
011111100000
011111100001
011001100010
000001010011
011111100000
011001100001
000001010010
000001110001
010011010011
000001110000
010011010010
011111100011
010011010001
011111100010
001011000011
010011010000
011111100001
001011000010
011111100000
001011000001
010001010011
010001010010
011111100011
010001010001
011111100010
010111110011
010001010000
011111100001
010111110010
000000010011
011111100000
010111110001
000000010010
000001010011
000001010010
010111110011
000001010001
010111110010
011111100011
000001010000
010111110001
011111100010
001000110011
010111110000
011111100001
001000110010
000100010011
000100010010
011110000011
000100010001
011110000010
011100000011
000100010000
011110000001
011100000010
010100000011
000000000000
011111100000
011001100001
000001010010
011001100000
000001010001
000101010011
000001010000
000101010010
010011010011
000101010001
010011010010
000101010000
010011010001
011111100000
001011000001
001011000000
000000010011
011111100000
010111110001
000000010010
010111110000
000000010001
000000010000
000000010011
010111110000
011111100001
001000110010
011111100000
001000110001
001000110000
000000010011
000100010000
011110000001
011100000010
010100000011
011110000000
011100000001
010100000010
001101100011
011100000000
010100000001
001101100010
010100000000
001101100001
001101100000
000000000000
000101010000
010011010001
010011010000
000000010011
000000010011
000000010011
000000010011
000000010011
000000010011
000000010011
000000010011
000000010011
001101100000
000000010011
000000010011
000000000000
000000010011
000000010011
000000010011
000000010011
000000010011
000000010011
000000010011
000000010011
000000010011
000000010011
000000010011
000000010011
000000010011
000000000000
000000010011
000000010011
000000010011
000000010011
000000010011
000000010011
000000010011
000000010011
000000010011
000000010011
000000010011
000000010011
000000010011
000000000000
000000010011
000001110011
000001110010
000001110001
010011010011
000000010011
000000010011
010001010011
000000010011
000000010011
000001010011
000000010011
000000010011
000000010011
000000010011
000000010011
000000000000
000001110001
010011010011
000001110000
010011010010
011111100011
010011010001
011111100010
001011000011
010011010000
011111100001
001011000010
011111100000
001011000001
010001010011
010001010010
011111100011
010001010001
011111100010
010111110011
010001010000
011111100001
010111110010
000000010011
011111100000
010111110001
000000010010
000001010011
000001010010
010111110011
000001010001
010111110010
011111100011
000001010000
010111110001
011111100010
001000110011
010111110000
011111100001
001000110010
000100010011
000100010010
011110000011
000100010001
011110000010
011100000011
000100010000
011110000001
011100000010
010100000011
000000010011
001010000011
001010000010
011110000011
001010000001
011110000010
011111100011
000000000000
011111100000
001011000001
001011000000
000000010011
011111100000
010111110001
000000010010
010111110000
000000010001
000000010000
000000010011
010111110000
011111100001
001000110010
011111100000
001000110001
001000110000
000000010011
000100010000
011110000001
011100000010
010100000011
011110000000
011100000001
010100000010
001101100011
011100000000
010100000001
001101100010
010100000000
001101100001
001101100000
001010000001
011110000010
011111100011
001010000000
011110000001
011111100010
011111100011
011110000000
011111100001
011111100010
001110110011
011111100000
011111100001
001110110010
000011000011
011111100000
001110110001
000011000010
000000000000
000000010011
000000010011
000000010011
000000010011
000000010011
000000010011
000000010011
000000010011
001101100000
000000010011
000000010011
011111100000
001110110001
000011000010
001110110000
000011000001
000011000000
000000010011
000000000000
000000010011
000000010011
000000010011
000000010011
000000010011
000000010011
000000010011
000000010011
000000010011
000000010011
000000010011
000000010011
000000010011
000000000000
000000010011
000000010011
000000010011
000000010011
000000010011
000000010011
000000010011
000000010011
000000010011
000000010011
000000010011
000000010011
000000010011
000000000000
000000010011
000000010011
010001010011
000000010011
000000010011
000001010011
000000010011
000000010011
000000010011
000000010011
000000010011
000000010011
000000010011
000000000000
010001010011
010001010010
011111100011
010001010001
011111100010
010111110011
010001010000
011111100001
010111110010
000000010011
011111100000
010111110001
000000010010
000001010011
000001010010
010111110011
000001010001
010111110010
011111100011
000001010000
010111110001
011111100010
001000110011
010111110000
011111100001
001000110010
000100010011
000100010010
011110000011
000100010001
011110000010
011100000011
000100010000
011110000001
011100000010
010100000011
000000010011
001010000011
001010000010
011110000011
001010000001
011110000010
011111100011
000000010011
000101100011
000101100010
010111010011
000000000000
011111100000
010111110001
000000010010
010111110000
000000010001
000000010000
000000010011
010111110000
011111100001
001000110010
011111100000
001000110001
001000110000
000000010011
000100010000
011110000001
011100000010
010100000011
011110000000
011100000001
010100000010
001101100011
011100000000
010100000001
001101100010
010100000000
001101100001
001101100000
001010000001
011110000010
011111100011
001010000000
011110000001
011111100010
011111100011
011110000000
011111100001
011111100010
001110110011
011111100000
011111100001
001110110010
000011000011
011111100000
001110110001
000011000010
000101100010
010111010011
000101100001
010111010010
011111100011
000101100000
010111010001
011111100010
011111100011
010111010000
011111100001
011111100010
010010110011
011111100000
011111100001
010010110010
000011010011
000000000000
000000010011
000000010011
000000010011
000000010011
000000010011
001101100000
000000010011
000000010011
011111100000
001110110001
000011000010
001110110000
000011000001
000011000000
000000010011
011111100000
011111100001
010010110010
000011010011
011111100000
010010110001
000011010010
010010110000
000011010001
000011010000
000000000000
000000010011
000000010011
000000010011
000000010011
000000010011
000000010011
000000010011
000000010011
000000010011
000000010011
000000010011
000000010011
000000010011
000000000000
000000010011
000000010011
000000010011
000000010011
000000010011
000000010011
000000010011
000000010011
000000010011
000000010011
000000010011
000000010011
000000010011
000000000000
000000010011
000000010011
000001010011
000000010011
000000010011
000000010011
000000010011
000000010011
000000010011
000000010011
000000010011
000000010011
000000010011
000000000000
000001010011
000001010010
010111110011
000001010001
010111110010
011111100011
000001010000
010111110001
011111100010
001000110011
010111110000
011111100001
001000110010
000100010011
000100010010
011110000011
000100010001
011110000010
011100000011
000100010000
011110000001
011100000010
010100000011
000000010011
001010000011
001010000010
011110000011
001010000001
011110000010
011111100011
000000010011
000101100011
000101100010
010111010011
000000010011
000000010011
000010000011
000000000000
010111110000
011111100001
001000110010
011111100000
001000110001
001000110000
000000010011
000100010000
011110000001
011100000010
010100000011
011110000000
011100000001
010100000010
001101100011
011100000000
010100000001
001101100010
010100000000
001101100001
001101100000
001010000001
011110000010
011111100011
001010000000
011110000001
011111100010
011111100011
011110000000
011111100001
011111100010
001110110011
011111100000
011111100001
001110110010
000011000011
011111100000
001110110001
000011000010
000101100010
010111010011
000101100001
010111010010
011111100011
000101100000
010111010001
011111100010
011111100011
010111010000
011111100001
011111100010
010010110011
011111100000
011111100001
010010110010
000011010011
000010000011
000010000010
001011100011
000010000001
001011100010
011111100011
000010000000
001011100001
011111100010
011111100011
001011100000
011111100001
011111100010
010111010011
000000000000
000000010011
000000010011
000000010011
001101100000
000000010011
000000010011
011111100000
001110110001
000011000010
001110110000
000011000001
000011000000
000000010011
011111100000
011111100001
010010110010
000011010011
011111100000
010010110001
000011010010
010010110000
000011010001
000011010000
001011100000
011111100001
011111100010
010111010011
011111100000
011111100001
010111010010
011111100000
010111010001
010111010000
000000000000
000000010011
000000010011
000000010011
000000010011
000000010011
000000010011
000000010011
000000010011
000000010011
000000010011
000000010011
000000010011
000000010011
000000000000
000000010011
000000010011
000000010011
000000010011
000000010011
000000010011
000000010011
000000010011
000000010011
000000010011
000000010011
000000010011
000000010011
000000000000
000000010011
000000010011
000000010011
000000010011
000000010011
000000010011
000000010011
000000010011
000000010011
000000010011
000000010011
000000010011
000000010011
000000000000
000000010011
000100010011
000100010010
011110000011
000100010001
011110000010
011100000011
000100010000
011110000001
011100000010
010100000011
000000010011
001010000011
001010000010
011110000011
001010000001
011110000010
011111100011
000000010011
000101100011
000101100010
010111010011
000000010011
000000010011
000010000011
000000010011
000000010011
000000000000
000100010000
011110000001
011100000010
010100000011
011110000000
011100000001
010100000010
001101100011
011100000000
010100000001
001101100010
010100000000
001101100001
001101100000
001010000001
011110000010
011111100011
001010000000
011110000001
011111100010
011111100011
011110000000
011111100001
011111100010
001110110011
011111100000
011111100001
001110110010
000011000011
011111100000
001110110001
000011000010
000101100010
010111010011
000101100001
010111010010
011111100011
000101100000
010111010001
011111100010
011111100011
010111010000
011111100001
011111100010
010010110011
011111100000
011111100001
010010110010
000011010011
000010000011
000010000010
001011100011
000010000001
001011100010
011111100011
000010000000
001011100001
011111100010
011111100011
001011100000
011111100001
011111100010
010111010011
000000010011
011111000011
011111000010
011111100011
011111000001
011111100010
011111000011
000000000000
001101100000
000000010011
011111100000
001110110001
000011000010
001110110000
000011000001
000011000000
000000010011
011111100000
011111100001
010010110010
000011010011
011111100000
010010110001
000011010010
010010110000
000011010001
000011010000
001011100000
011111100001
011111100010
010111010011
011111100000
011111100001
010111010010
011111100000
010111010001
010111010000
011111000001
011111100010
011111000011
011111000000
011111100001
011111000010
001000000011
011111100000
011111000001
001000000010
011111000000
001000000001
001000000000
000000000000
000000010011
000000010011
000000010011
000000010011
000000010011
000000010011
000000010011
000000010011
000000010011
000000010011
001000000000
000000010011
000000010011
000000000000
000000010011
000000010011
000000010011
000000010011
000000010011
000000010011
000000010011
000000010011
000000010011
000000010011
000000010011
000000010011
000000010011
000000000000
000000010011
000000010011
000000010011
000000010011
000000010011
000000010011
000000010011
000000010011
000000010011
000000010011
000000010011
000000010011
000000010011
000000000000
000000010011
001010000011
001010000010
011110000011
001010000001
011110000010
011111100011
000000010011
000101100011
000101100010
010111010011
000000010011
000000010011
000010000011
000000010011
000000010011
000000010011
000000010011
000101110011
000101110010
010000010011
000000000000
001010000001
011110000010
011111100011
001010000000
011110000001
011111100010
011111100011
011110000000
011111100001
011111100010
001110110011
011111100000
011111100001
001110110010
000011000011
011111100000
001110110001
000011000010
000101100010
010111010011
000101100001
010111010010
011111100011
000101100000
010111010001
011111100010
011111100011
010111010000
011111100001
011111100010
010010110011
011111100000
011111100001
010010110010
000011010011
000010000011
000010000010
001011100011
000010000001
001011100010
011111100011
000010000000
001011100001
011111100010
011111100011
001011100000
011111100001
011111100010
010111010011
000000010011
011111000011
011111000010
011111100011
011111000001
011111100010
011111000011
000101110010
010000010011
000101110001
010000010010
010110110011
000101110000
010000010001
010110110010
011111100011
010000010000
010110110001
011111100010
011111100011
010110110000
011111100001
011111100010
011001110011
000000000000
011111100000
001110110001
000011000010
001110110000
000011000001
000011000000
000000010011
011111100000
011111100001
010010110010
000011010011
011111100000
010010110001
000011010010
010010110000
000011010001
000011010000
001011100000
011111100001
011111100010
010111010011
011111100000
011111100001
010111010010
011111100000
010111010001
010111010000
011111000001
011111100010
011111000011
011111000000
011111100001
011111000010
001000000011
011111100000
011111000001
001000000010
011111000000
001000000001
001000000000
010110110000
011111100001
011111100010
011001110011
011111100000
011111100001
011001110010
000000010011
011111100000
011001110001
000000010010
011001110000
000000010001
000000010000
000000000000
000000010011
000000010011
000000010011
000000010011
000000010011
000000010011
000000010011
000000010011
001000000000
000000010011
000000010011
000000010000
000000010011
000000010011
000000000000
000000010011
000000010011
000000010011
000000010011
000000010011
000000010011
000000010011
000000010011
000000010011
000000010011
000000010011
000000010011
000000010011
000000000000
000000010011
000000010011
000000010011
000000010011
000000010011
000000010011
000000010011
000000010011
000000010011
000000010011
000000010011
000000010011
000000010011
000000000000
000000010011
000000010011
000101100011
000101100010
010111010011
000000010011
000000010011
000010000011
000000010011
000000010011
000000010011
000000010011
000101110011
000101110010
010000010011
000100110011
000100110010
010010010011
000100110001
010010010010
011100100011
000100110000
010010010001
011100100010
011111100011
000000000000
000101100010
010111010011
000101100001
010111010010
011111100011
000101100000
010111010001
011111100010
011111100011
010111010000
011111100001
011111100010
010010110011
011111100000
011111100001
010010110010
000011010011
000010000011
000010000010
001011100011
000010000001
001011100010
011111100011
000010000000
001011100001
011111100010
011111100011
001011100000
011111100001
011111100010
010111010011
000000010011
011111000011
011111000010
011111100011
011111000001
011111100010
011111000011
000101110010
010000010011
000101110001
010000010010
010110110011
000101110000
010000010001
010110110010
011111100011
010000010000
010110110001
011111100010
011111100011
010110110000
011111100001
011111100010
011001110011
000100110000
010010010001
011100100010
011111100011
010010010000
011100100001
011111100010
011111100011
011100100000
011111100001
011111100010
011111100011
011111100000
011111100001
011111100010
011111010011
011111100000
011111100001
011111010010
010110110011
000000000000
011111100000
011111100001
010010110010
000011010011
011111100000
010010110001
000011010010
010010110000
000011010001
000011010000
001011100000
011111100001
011111100010
010111010011
011111100000
011111100001
010111010010
011111100000
010111010001
010111010000
011111000001
011111100010
011111000011
011111000000
011111100001
011111000010
001000000011
011111100000
011111000001
001000000010
011111000000
001000000001
001000000000
010110110000
011111100001
011111100010
011001110011
011111100000
011111100001
011001110010
000000010011
011111100000
011001110001
000000010010
011001110000
000000010001
000000010000
011111100000
011111100001
011111010010
010110110011
011111100000
011111010001
010110110010
011111010000
010110110001
010110110000
000000000000
000000010011
000000010011
000000010011
000000010011
000000010011
001000000000
000000010011
000000010011
000000010000
000000010011
000000010011
000000010011
000000010011
000000000000
000000010011
000000010011
000000010011
000000010011
000000010011
000000010011
000000010011
000000010011
000000010011
000000010011
000000010011
000000010011
000000010011
000000000000
000000010011
000000010011
000000010011
000000010011
000000010011
000000010011
000000010011
000000010011
000000010011
000000010011
000000010011
000000010011
000011000011
000011000010
001110000011
000000000000
000000010011
000000010011
000010000011
000000010011
000000010011
000000010011
000000010011
000101110011
000101110010
010000010011
000100110011
000100110010
010010010011
000100110001
010010010010
011100100011
000100110000
010010010001
011100100010
011111100011
000011000010
001110000011
000011000001
001110000010
011011100011
000011000000
001110000001
011011100010
011111100011
001110000000
011011100001
011111100010
011111100011
011011100000
011111100001
011111100010
011111100011
000000000000
000010000011
000010000010
001011100011
000010000001
001011100010
011111100011
000010000000
001011100001
011111100010
011111100011
001011100000
011111100001
011111100010
010111010011
000000010011
011111000011
011111000010
011111100011
011111000001
011111100010
011111000011
000101110010
010000010011
000101110001
010000010010
010110110011
000101110000
010000010001
010110110010
011111100011
010000010000
010110110001
011111100010
011111100011
010110110000
011111100001
011111100010
011001110011
000100110000
010010010001
011100100010
011111100011
010010010000
011100100001
011111100010
011111100011
011100100000
011111100001
011111100010
011111100011
011111100000
011111100001
011111100010
011111010011
011111100000
011111100001
011111010010
010110110011
011011100000
011111100001
011111100010
011111100011
011111100000
011111100001
011111100010
011111100011
011111100000
011111100001
011111100010
011001000011
011111100000
011111100001
011001000010
001001110011
011111100000
011001000001
001001110010
000000000000
001011100000
011111100001
011111100010
010111010011
011111100000
011111100001
010111010010
011111100000
010111010001
010111010000
011111000001
011111100010
011111000011
011111000000
011111100001
011111000010
001000000011
011111100000
011111000001
001000000010
011111000000
001000000001
001000000000
010110110000
011111100001
011111100010
011001110011
011111100000
011111100001
011001110010
000000010011
011111100000
011001110001
000000010010
011001110000
000000010001
000000010000
011111100000
011111100001
011111010010
010110110011
011111100000
011111010001
010110110010
011111010000
010110110001
010110110000
011111100000
011001000001
001001110010
011001000000
001001110001
001001110000
000000010011
000000000000
000000010011
000000010011
000000010011
001000000000
000000010011
000000010011
000000010000
000000010011
000000010011
000000010011
000000010011
000000010011
000000010011
000000010011
000000000000
000000010011
000000010011
000000010011
000000010011
000000010011
000000010011
000000010011
000000010011
000000010011
000000010011
000000010011
000000010011
000000010011
000000000000
000000010011
000000010011
000000010011
000000010011
000000010011
000000010011
000000010011
000000010011
000000010011
000011000011
000011000010
001110000011
000010110011
000010110010
001000000011
000010110001
001000000010
011010100011
000010110000
001000000001
011010100010
011111100011
000000000000
000000010011
000000010011
000000010011
000000010011
000101110011
000101110010
010000010011
000100110011
000100110010
010010010011
000100110001
010010010010
011100100011
000100110000
010010010001
011100100010
011111100011
000011000010
001110000011
000011000001
001110000010
011011100011
000011000000
001110000001
011011100010
011111100011
001110000000
011011100001
011111100010
011111100011
011011100000
011111100001
011111100010
011111100011
000010110000
001000000001
011010100010
011111100011
001000000000
011010100001
011111100010
011111100011
011010100000
011111100001
011111100010
011111100011
011111100000
011111100001
011111100010
011111100011
011111100000
011111100001
011111100010
011000110011
000000000000
000000010011
011111000011
011111000010
011111100011
011111000001
011111100010
011111000011
000101110010
010000010011
000101110001
010000010010
010110110011
000101110000
010000010001
010110110010
011111100011
010000010000
010110110001
011111100010
011111100011
010110110000
011111100001
011111100010
011001110011
000100110000
010010010001
011100100010
011111100011
010010010000
011100100001
011111100010
011111100011
011100100000
011111100001
011111100010
011111100011
011111100000
011111100001
011111100010
011111010011
011111100000
011111100001
011111010010
010110110011
011011100000
011111100001
011111100010
011111100011
011111100000
011111100001
011111100010
011111100011
011111100000
011111100001
011111100010
011001000011
011111100000
011111100001
011001000010
001001110011
011111100000
011001000001
001001110010
011111100000
011111100001
011111100010
011000110011
011111100000
011111100001
011000110010
001010000011
011111100000
011000110001
001010000010
000000010011
011000110000
001010000001
000000010010
001010000000
000000010001
000000000000
011111000001
011111100010
011111000011
011111000000
011111100001
011111000010
001000000011
011111100000
011111000001
001000000010
011111000000
001000000001
001000000000
010110110000
011111100001
011111100010
011001110011
011111100000
011111100001
011001110010
000000010011
011111100000
011001110001
000000010010
011001110000
000000010001
000000010000
011111100000
011111100001
011111010010
010110110011
011111100000
011111010001
010110110010
011111010000
010110110001
010110110000
011111100000
011001000001
001001110010
011001000000
001001110001
001001110000
000000010011
001010000000
000000010001
000000010000
000000010011
000000000000
001000000000
000000010011
000000010000
000000010011
000000010011
000000010011
000000010011
000000010011
000000010011
000000010011
000000010011
000000010011
000000000000
000000010011
000000010011
000000010011
000000010011
000000010011
000000010011
000000010011
000000010011
000000010011
000000010011
000000010011
000000010011
000010010011
000010010010
010101010011
000000000000
000000010011
000000010011
000000010011
000000010011
000000010011
000000010011
000000010011
000011000011
000011000010
001110000011
000010110011
000010110010
001000000011
000010110001
001000000010
011010100011
000010110000
001000000001
011010100010
011111100011
000010010010
010101010011
000010010001
010101010010
011011010011
000010010000
010101010001
011011010010
011111100011
010101010000
011011010001
011111100010
011111100011
011011010000
011111100001
011111100010
011111100011
000000000000
000000010011
000000010011
000101110011
000101110010
010000010011
000100110011
000100110010
010010010011
000100110001
010010010010
011100100011
000100110000
010010010001
011100100010
011111100011
000011000010
001110000011
000011000001
001110000010
011011100011
000011000000
001110000001
011011100010
011111100011
001110000000
011011100001
011111100010
011111100011
011011100000
011111100001
011111100010
011111100011
000010110000
001000000001
011010100010
011111100011
001000000000
011010100001
011111100010
011111100011
011010100000
011111100001
011111100010
011111100011
011111100000
011111100001
011111100010
011111100011
011111100000
011111100001
011111100010
011000110011
011011010000
011111100001
011111100010
011111100011
011111100000
011111100001
011111100010
011111100011
011111100000
011111100001
011111100010
011000010011
011111100000
011111100001
011000010010
001010000011
011111100000
011000010001
001010000010
000001000011
000000000000
000101110010
010000010011
000101110001
010000010010
010110110011
000101110000
010000010001
010110110010
011111100011
010000010000
010110110001
011111100010
011111100011
010110110000
011111100001
011111100010
011001110011
000100110000
010010010001
011100100010
011111100011
010010010000
011100100001
011111100010
011111100011
011100100000
011111100001
011111100010
011111100011
011111100000
011111100001
011111100010
011111010011
011111100000
011111100001
011111010010
010110110011
011011100000
011111100001
011111100010
011111100011
011111100000
011111100001
011111100010
011111100011
011111100000
011111100001
011111100010
011001000011
011111100000
011111100001
011001000010
001001110011
011111100000
011001000001
001001110010
011111100000
011111100001
011111100010
011000110011
011111100000
011111100001
011000110010
001010000011
011111100000
011000110001
001010000010
000000010011
011000110000
001010000001
000000010010
001010000000
000000010001
011111100000
011000010001
001010000010
000001000011
011000010000
001010000001
000001000010
001010000000
000001000001
000001000000
000000000000
010110110000
011111100001
011111100010
011001110011
011111100000
011111100001
011001110010
000000010011
011111100000
011001110001
000000010010
011001110000
000000010001
000000010000
011111100000
011111100001
011111010010
010110110011
011111100000
011111010001
010110110010
011111010000
010110110001
010110110000
011111100000
011001000001
001001110010
011001000000
001001110001
001001110000
000000010011
001010000000
000000010001
000000010000
000000010011
000000010011
000000010011
000000010011
000000000000
000000010000
000000010011
000000010011
000000010011
000000010011
000000010011
000000010011
000000010011
000000010011
000000010011
000000010011
000000010011
000000000000
000000010011
000000010011
000000010011
000000010011
000000010011
000000010011
000000010011
000000010011
000000010011
000010010011
000010010010
010101010011
000110110011
000110110010
010101100011
000110110001
010101100010
011100010011
000110110000
010101100001
011100010010
011111100011
000000000000
000000010011
000000010011
000000010011
000000010011
000011000011
000011000010
001110000011
000010110011
000010110010
001000000011
000010110001
001000000010
011010100011
000010110000
001000000001
011010100010
011111100011
000010010010
010101010011
000010010001
010101010010
011011010011
000010010000
010101010001
011011010010
011111100011
010101010000
011011010001
011111100010
011111100011
011011010000
011111100001
011111100010
011111100011
000110110000
010101100001
011100010010
011111100011
010101100000
011100010001
011111100010
011111100011
011100010000
011111100001
011111100010
011111100011
011111100000
011111100001
011111100010
011111100011
011111100000
011111100001
011111100010
011110010011
000000000000
000000010011
000100110011
000100110010
010010010011
000100110001
010010010010
011100100011
000100110000
010010010001
011100100010
011111100011
000011000010
001110000011
000011000001
001110000010
011011100011
000011000000
001110000001
011011100010
011111100011
001110000000
011011100001
011111100010
011111100011
011011100000
011111100001
011111100010
011111100011
000010110000
001000000001
011010100010
011111100011
001000000000
011010100001
011111100010
011111100011
011010100000
011111100001
011111100010
011111100011
011111100000
011111100001
011111100010
011111100011
011111100000
011111100001
011111100010
011000110011
011011010000
011111100001
011111100010
011111100011
011111100000
011111100001
011111100010
011111100011
011111100000
011111100001
011111100010
011000010011
011111100000
011111100001
011000010010
001010000011
011111100000
011000010001
001010000010
000001000011
011111100000
011111100001
011111100010
011110010011
011111100000
011111100001
011110010010
010000100011
011111100000
011110010001
010000100010
000001010011
011110010000
010000100001
000001010010
010000100000
000001010001
000000000000
000100110000
010010010001
011100100010
011111100011
010010010000
011100100001
011111100010
011111100011
011100100000
011111100001
011111100010
011111100011
011111100000
011111100001
011111100010
011111010011
011111100000
011111100001
011111010010
010110110011
011011100000
011111100001
011111100010
011111100011
011111100000
011111100001
011111100010
011111100011
011111100000
011111100001
011111100010
011001000011
011111100000
011111100001
011001000010
001001110011
011111100000
011001000001
001001110010
011111100000
011111100001
011111100010
011000110011
011111100000
011111100001
011000110010
001010000011
011111100000
011000110001
001010000010
000000010011
011000110000
001010000001
000000010010
001010000000
000000010001
011111100000
011000010001
001010000010
000001000011
011000010000
001010000001
000001000010
001010000000
000001000001
000001000000
010000100000
000001010001
000001010000
000000010011
000000000000
011111100000
011111100001
011111010010
010110110011
011111100000
011111010001
010110110010
011111010000
010110110001
010110110000
011111100000
011001000001
001001110010
011001000000
001001110001
001001110000
000000010011
001010000000
000000010001
000000010000
000000010011
000000010011
000000010011
000000010011
000000010011
000000010011
000000000000
000000010011
000000010011
000000010011
000000010011
000000010011
000000010011
000000010011
000000010011
000000010011
000000010011
000000010011
000000010011
000000010011
000000000000
000000010011
000000010011
000000010011
000000010011
000000010011
000000010011
000000010011
000010010011
000010010010
010101010011
000110110011
000110110010
010101100011
000110110001
010101100010
011100010011
000110110000
010101100001
011100010010
011111100011
010001000011
010001000010
011111100011
010001000001
011111100010
011111100011
010001000000
011111100001
011111100010
011111100011
000000000000
000000010011
000000010011
000011000011
000011000010
001110000011
000010110011
000010110010
001000000011
000010110001
001000000010
011010100011
000010110000
001000000001
011010100010
011111100011
000010010010
010101010011
000010010001
010101010010
011011010011
000010010000
010101010001
011011010010
011111100011
010101010000
011011010001
011111100010
011111100011
011011010000
011111100001
011111100010
011111100011
000110110000
010101100001
011100010010
011111100011
010101100000
011100010001
011111100010
011111100011
011100010000
011111100001
011111100010
011111100011
011111100000
011111100001
011111100010
011111100011
011111100000
011111100001
011111100010
011110010011
010001000000
011111100001
011111100010
011111100011
011111100000
011111100001
011111100010
011010010011
011111100000
011111100001
011010010010
010000110011
011111100000
011010010001
010000110010
010000010011
011010010000
010000110001
010000010010
000010000011
000000000000
000011000010
001110000011
000011000001
001110000010
011011100011
000011000000
001110000001
011011100010
011111100011
001110000000
011011100001
011111100010
011111100011
011011100000
011111100001
011111100010
011111100011
000010110000
001000000001
011010100010
011111100011
001000000000
011010100001
011111100010
011111100011
011010100000
011111100001
011111100010
011111100011
011111100000
011111100001
011111100010
011111100011
011111100000
011111100001
011111100010
011000110011
011011010000
011111100001
011111100010
011111100011
011111100000
011111100001
011111100010
011111100011
011111100000
011111100001
011111100010
011000010011
011111100000
011111100001
011000010010
001010000011
011111100000
011000010001
001010000010
000001000011
011111100000
011111100001
011111100010
011110010011
011111100000
011111100001
011110010010
010000100011
011111100000
011110010001
010000100010
000001010011
011110010000
010000100001
000001010010
010000100000
000001010001
011010010000
010000110001
010000010010
000010000011
010000110000
010000010001
000010000010
010000010000
000010000001
000010000000
000000000000
011011100000
011111100001
011111100010
011111100011
011111100000
011111100001
011111100010
011111100011
011111100000
011111100001
011111100010
011001000011
011111100000
011111100001
011001000010
001001110011
011111100000
011001000001
001001110010
011111100000
011111100001
011111100010
011000110011
011111100000
011111100001
011000110010
001010000011
011111100000
011000110001
001010000010
000000010011
011000110000
001010000001
000000010010
001010000000
000000010001
011111100000
011000010001
001010000010
000001000011
011000010000
001010000001
000001000010
001010000000
000001000001
000001000000
010000100000
000001010001
000001010000
000000010011
000000010011
000000010011
000000010011
000000000000
011111100000
011001000001
001001110010
011001000000
001001110001
001001110000
000000010011
001010000000
000000010001
000000010000
000000010011
000000010011
000000010011
000000010011
000000010011
000000010011
000000010011
000000010011
000000010011
000000000000
000000010011
000000010011
000000010011
000000010011
000000010011
000000010011
000000010011
000000010011
000000010011
000000010011
000000010011
000000010011
000000010011
000000000000
000000010011
000000010011
000000010011
000000010011
000010010011
000010010010
010101010011
000110110011
000110110010
010101100011
000110110001
010101100010
011100010011
000110110000
010101100001
011100010010
011111100011
010001000011
010001000010
011111100011
010001000001
011111100010
011111100011
010001000000
011111100001
011111100010
011111100011
000000010011
000000010011
000000000000
000000010011
000010110011
000010110010
001000000011
000010110001
001000000010
011010100011
000010110000
001000000001
011010100010
011111100011
000010010010
010101010011
000010010001
010101010010
011011010011
000010010000
010101010001
011011010010
011111100011
010101010000
011011010001
011111100010
011111100011
011011010000
011111100001
011111100010
011111100011
000110110000
010101100001
011100010010
011111100011
010101100000
011100010001
011111100010
011111100011
011100010000
011111100001
011111100010
011111100011
011111100000
011111100001
011111100010
011111100011
011111100000
011111100001
011111100010
011110010011
010001000000
011111100001
011111100010
011111100011
011111100000
011111100001
011111100010
011010010011
011111100000
011111100001
011010010010
010000110011
011111100000
011010010001
010000110010
010000010011
011010010000
010000110001
010000010010
000010000011
000000010011
000000010011
000000000000
000010110000
001000000001
011010100010
011111100011
001000000000
011010100001
011111100010
011111100011
011010100000
011111100001
011111100010
011111100011
011111100000
011111100001
011111100010
011111100011
011111100000
011111100001
011111100010
011000110011
011011010000
011111100001
011111100010
011111100011
011111100000
011111100001
011111100010
011111100011
011111100000
011111100001
011111100010
011000010011
011111100000
011111100001
011000010010
001010000011
011111100000
011000010001
001010000010
000001000011
011111100000
011111100001
011111100010
011110010011
011111100000
011111100001
011110010010
010000100011
011111100000
011110010001
010000100010
000001010011
011110010000
010000100001
000001010010
010000100000
000001010001
011010010000
010000110001
010000010010
000010000011
010000110000
010000010001
000010000010
010000010000
000010000001
000010000000
000000010011
000000010011
000000010011
000000000000
011111100000
011111100001
011111100010
011000110011
011111100000
011111100001
011000110010
001010000011
011111100000
011000110001
001010000010
000000010011
011000110000
001010000001
000000010010
001010000000
000000010001
011111100000
011000010001
001010000010
000001000011
011000010000
001010000001
000001000010
001010000000
000001000001
000001000000
010000100000
000001010001
000001010000
000000010011
000000010011
000000010011
000000010011
000000010011
000000010011
000000000000
001010000000
000000010001
000000010000
000000010011
000000010011
000000010011
000000010011
000000010011
000000010011
000000010011
000000010011
000000010011
000000010011
000000010011
000000000000
000000010011
000000010011
000000010011
000000010011
000000010011
000000010011
000000010011
000000010011
000000010011
000000010011
000000010011
000000010011
000000010011
000000000000
000000010011
000000010011
000010010011
000010010010
010101010011
000110110011
000110110010
010101100011
000110110001
010101100010
011100010011
000110110000
010101100001
011100010010
011111100011
010001000011
010001000010
011111100011
010001000001
011111100010
011111100011
010001000000
011111100001
011111100010
011111100011
000000010011
000000010011
000000010011
000000010011
000000010011
000000000000
000010010010
010101010011
000010010001
010101010010
011011010011
000010010000
010101010001
011011010010
011111100011
010101010000
011011010001
011111100010
011111100011
011011010000
011111100001
011111100010
011111100011
000110110000
010101100001
011100010010
011111100011
010101100000
011100010001
011111100010
011111100011
011100010000
011111100001
011111100010
011111100011
011111100000
011111100001
011111100010
011111100011
011111100000
011111100001
011111100010
011110010011
010001000000
011111100001
011111100010
011111100011
011111100000
011111100001
011111100010
011010010011
011111100000
011111100001
011010010010
010000110011
011111100000
011010010001
010000110010
010000010011
011010010000
010000110001
010000010010
000010000011
000000010011
000000010011
000000010011
000000010011
000000010011
000000000000
011011010000
011111100001
011111100010
011111100011
011111100000
011111100001
011111100010
011111100011
011111100000
011111100001
011111100010
011000010011
011111100000
011111100001
011000010010
001010000011
011111100000
011000010001
001010000010
000001000011
011111100000
011111100001
011111100010
011110010011
011111100000
011111100001
011110010010
010000100011
011111100000
011110010001
010000100010
000001010011
011110010000
010000100001
000001010010
010000100000
000001010001
011010010000
010000110001
010000010010
000010000011
010000110000
010000010001
000010000010
010000010000
000010000001
000010000000
000000010011
000000010011
000000010011
000000010011
000000010011
000000000000
011111100000
011000010001
001010000010
000001000011
011000010000
001010000001
000001000010
001010000000
000001000001
000001000000
010000100000
000001010001
000001010000
000000010011
000000010011
000000010011
000000010011
000000010011
000000010011
000000010011
000000010011
000000010011
000000000000
000000010011
000000010011
000000010011
000000010011
000000010011
000000010011
000000010011
000000010011
000000010011
000000010011
000000010011
000000010011
000000010011
000000000000
000000010011
000000010011
000000010011
000000010011
000000010011
000000010011
000000010011
000000010011
000000010011
000000010011
000000010011
000000010011
000000010011
000000000000
000000010011
000110110011
000110110010
010101100011
000110110001
010101100010
011100010011
000110110000
010101100001
011100010010
011111100011
010001000011
010001000010
011111100011
010001000001
011111100010
011111100011
010001000000
011111100001
011111100010
011111100011
000000010011
000000010011
000000010011
000000010011
000000010011
000000010011
000000010011
000000000000
000110110000
010101100001
011100010010
011111100011
010101100000
011100010001
011111100010
011111100011
011100010000
011111100001
011111100010
011111100011
011111100000
011111100001
011111100010
011111100011
011111100000
011111100001
011111100010
011110010011
010001000000
011111100001
011111100010
011111100011
011111100000
011111100001
011111100010
011010010011
011111100000
011111100001
011010010010
010000110011
011111100000
011010010001
010000110010
010000010011
011010010000
010000110001
010000010010
000010000011
000000010011
000000010011
000000010011
000000010011
000000010011
000000010011
000000010011
000000000000
011111100000
011111100001
011111100010
011110010011
011111100000
011111100001
011110010010
010000100011
011111100000
011110010001
010000100010
000001010011
011110010000
010000100001
000001010010
010000100000
000001010001
011010010000
010000110001
010000010010
000010000011
010000110000
010000010001
000010000010
010000010000
000010000001
000010000000
000000010011
000000010011
000000010011
000000010011
000000010011
000000010011
000000010011
000000010011
000000000000
010000100000
000001010001
000001010000
000000010011
000000010011
000000010011
000000010011
000000010011
000000010011
000000010011
000000010011
000000010011
000000010011
000000010011
000000000000
000000010011
000000010011
000000010011
000000010011
000000010011
000000010011
000000010011
000000010011
000000010011
000000010011
000000010011
000000010011
000000010011
000000000000
000000010011
000000010011
000000010011
000000010011
000000010011
000000010011
000000010011
000000010011
000000010011
000000010011
000000010011
000000010011
000000010011
000000000000
