0000011100010
0000010000100
0000001100110
0000101001001
0000100001100
0000101101101
0000101001111
0000100110000
0000011010001
0000000110100
0000000000000
0000011100010
0000010000100
0000001100110
0000101001001
0000100001100
0000101101101
0000101001111
0000100110000
0000011010001
0000000110100
0000000000000
0000011100010
0000010000100
0000001100110
0000101001001
0000100001100
0000101101101
0000101001111
0000100110000
0000011010001
0000000110100
0000000000000
0000001100000
0000111000010
0000100100100
0000000100101
0000001100111
0000000101000
0000000101001
0000100001100
0000100001101
0000110110000
0000001110001
0000100010010
0000001010011
0000010110100
0000000000000
0000001100000
0000111000010
0000100100100
0000000100101
0000001100111
0000000101000
0000000101001
0000100001100
0000100001101
0000110110000
0000001110001
0000100010010
0000001010011
0000010110100
0000000000000
0000001100000
0000111000010
0000100100100
0000000100101
0000001100111
0000000101000
0000000101001
0000100001100
0000100001101
0000110110000
0000001110001
0000100010010
0000001010011
0000010110100
0000000000000
0000001000010
0001000000011
0000011000100
0000011101000
0000101101001
0000010101010
0000010101110
0000110001111
0000101010000
0000010110001
0000001010011
0000000110100
0000000000000
0000001000010
0001000000011
0000011000100
0000011101000
0000101101001
0000010101010
0000010101110
0000110001111
0000101010000
0000010110001
0000001010011
0000000110100
0000000000000
0000001000010
0001000000011
0000011000100
0000011101000
0000101101001
0000010101010
0000010101110
0000110001111
0000101010000
0000010110001
0000001010011
0000000110100
0000000000000
0000001000001
0000000100010
0000101100011
0000011100100
0000000100101
0000001100111
0000011001001
0000101001010
0000011101100
0000010010000
0000111010010
0000000110011
0000001010100
0000000000000
0000001000001
0000000100010
0000101100011
0000011100100
0000000100101
0000001100111
0000011001001
0000101001010
0000011101100
0000010010000
0000111010010
0000000110011
0000001010100
0000000000000
0000001000001
0000000100010
0000101100011
0000011100100
0000000100101
0000001100111
0000011001001
0000101001010
0000011101100
0000010010000
0000111010010
0000000110011
0000001010100
0000000000000
