111111111011010010110
111111111111000001011
000000001110000111100
111111110110010011111
000000001000111110001
111111110110000000001
000000000110110111010
111111111100000111100
111111110001101111011
000000010101111011110
111111101110110011000
111111110010010101011
000000010001110001001
000000010110000111010
111111111000101101010
000000010100100110110
000000010011101101010
000000001100010101000
111111101110011101100
111111111101001001101
000000000011001001010
000000000111000001011
111111110100110110000
000000011101110101110
000000000000100101011
000000010010011110100
000000000011001110011
111111110111111111000
000000000110110011110
000000000010101001101
000000000011100000000
111111110111011000001
111111111111101000111
000000010000100101010
000000010001001111110
111111111011000100111
111111111111110010000
000000011011110011010
000000000111111110000
000000010000011011011
000000000100111101101
000000001010111000101
111111111100001001001
111111101111100111110
000000000101001100000
000000100001100000001
000000001100101010111
111111111101101010001
111111111001100011101
111111111100111110101
000000001110001001110
000000010111101100110
000000001011010010000
111111111010110010110
111111111011001101110
111111111010110011011
000000001010111001101
000000011001111101001
000000010101100001000
000000001011101111000
111111101110010001001
000000000100101001100
000000000011101000110
111111111000111001001
000000000100111001000
000000000011001001011
000000010110000010110
000000001110100000110
000000000010111101010
111111110110111001111
000000000111001101000
111111111111010110101
000000001100000101110
000000010100011111011
111111110110100100000
000000001110001010111
000000000001101001001
111111101100111110001
111111110010010110001
000000001001101111101
111111111110010101100
000000011101111110010
000000000010000111111
000000000101001010000
