000000100101111011111
000000101111010000111
111110110001111101000
000000010011000000110
000001011001111001111
000000011110000001100
000000011010110011000
000000111000011001010
000000101100100010100
000000011100100101011
000001000111010110010
000001001001010101001
000001001011101001000
000000001001100110010
000000110001101010100
000001100001100110000
111111101110101010100
000000111011011110001
111111010000001001100
000001011011101100010
111111000110100001001
000000101000011101100
111111001101010001001
000000100010101000111
000001010100100111111
000000101011010101010
111110111101111111100
000000100101100110101
111111101111100100010
111111111010001110111
000001000100001100010
000001010111101111001
000000010010101000000
111111001110110100010
000000010111011101101
111111100110101111101
000001010100101111111
000001011101101011110
000000000101011101000
000001010101110110101
000001000000111010000
000001101110011100111
000001000000111100000
111111010111110011000
000000110001000001110
000000111111111110011
000000100111100111010
000000011100011101000
111111100001101001010
000001100000111010001
000000001110110011100
111110110000111111110
000000110000101001001
000000000101101010110
111110100110110111011
000000100000110011110
111111110111110011110
111111000100111100100
000001001010011101111
111110111101100010011
111111010111010001111
111111101011110000100
000000100110110010101
111111001000001000011
000001001000110010001
111111101001111111011
111111101010110110000
111111011000111000001
111111100010111011011
000001011000010101011
111111111001100010000
000001011101101010001
000000100101011001101
000000101001110100111
000000011011011011000
111111111011000010010
000001001101111111101
000000101001110100100
000000100000011110110
111111001000110001100
111110100000000010110
000000001101000000111
000001001010100001111
111110111111001000011
000001111110010111111
000000101111001010001
111111100111001011000
000000011011110011001
111111100000110100001
111111100001111001111
000000101010100111011
111111101100110001010
111111101100000000101
000000100010001001011
000000010100110111000
000000110000011111001
111111100000111011001
111111110100111111110
000000111101011011010
000001100111010111110
000000011111010101010
000001001011010001010
000000010000110111000
111111011001011000000
000001101101111010011
000000111011000100011
111111100100001010001
000001010001110101010
000000011000100011100
111111100111000010011
111111100001010111001
000001100010011110011
111111001100100110010
000000001101001011101
000001010011011001100
111111111011111110000
111111010100111001101
111111101110101001111
000000000111011110101
000001100111000001111
