0
0
0
0
0
0
2
3
4
5
4
0
0
0
4
9
c
10
13
13
11
11
c
4
0
0
9
15
1c
1c
1b
19
12
e
8
2
0
0
9
11
18
16
f
8
4
0
0
0
0
0
3
3
c
b
b
2
0
0
0
0
0
0
0
1
9
a
12
10
7
0
0
0
0
0
0
0
3
6
f
11
11
7
0
0
0
0
0
0
1
7
10
14
11
9
0
0
0
0
0
4
d
15
1a
1a
f
5
0
0
1
6
c
15
1a
1a
18
f
2
0
0
0
4
d
15
1a
19
10
5
0
0
0
0
0
4
b
d
a
4
0
0
0
0
0
0
0
0
0
0
0
0
0
1
2
1
3
0
0
0
0
4
4
4
4
3
3
2
4
0
0
0
0
9
8
3
2
1
0
0
0
0
0
0
0
7
6
5
0
0
0
0
0
0
0
0
0
3
3
8
1
0
0
0
0
0
0
0
0
0
2
7
4
1
0
0
0
0
0
0
0
0
0
4
4
4
3
0
0
0
0
0
0
0
0
1
6
9
9
0
0
0
0
0
0
0
4
7
7
8
5
0
0
0
0
1
4
6
6
7
4
0
0
0
0
0
0
4
7
6
3
0
0
0
0
0
0
0
0
4
4
1
0
0
0
0
0
0
0
0
0
0
0
0
0
0
0
2
3
5
6
6
2
0
0
4
a
f
12
15
15
13
11
c
4
0
0
9
12
18
19
19
14
d
5
1
1
0
0
1
2
7
4
0
0
0
0
0
0
0
0
0
0
0
7
a
2
0
0
0
0
0
0
0
0
0
7
11
11
9
1
0
0
0
0
0
0
0
0
a
10
f
8
0
0
0
0
0
0
1
4
6
c
e
a
0
0
0
0
0
5
e
15
15
f
6
3
0
0
1
6
e
15
15
14
b
0
0
0
0
0
4
d
15
15
c
0
0
0
0
0
0
0
1
1
0
0
0
0
0
0
0
0
0
0
0
0
0
0
0
0
2
3
5
6
6
2
0
0
4
a
f
12
15
15
11
f
b
4
0
0
a
15
1b
1a
1a
18
10
b
5
0
0
0
a
14
19
18
13
b
4
4
0
0
0
0
5
b
13
12
7
5
0
0
0
0
0
0
0
2
e
f
d
d
7
1
0
0
0
0
0
0
6
c
f
f
b
6
0
0
0
0
0
0
1
8
17
1d
16
6
0
0
0
0
0
5
e
18
1c
1f
16
1
0
0
1
6
e
17
1d
1c
1a
11
4
0
0
0
4
d
17
1a
1a
13
7
0
0
0
0
0
4
d
e
c
7
0
0
0
0
0
0
0
0
0
0
0
0
0
0
1
1
1
0
0
0
0
2
4
7
a
e
f
f
f
b
4
0
0
9
13
1a
1b
1c
1a
15
11
d
5
0
0
9
14
1e
1c
1a
15
f
6
6
2
0
0
1
9
16
15
e
6
5
0
0
0
0
0
0
1
a
13
15
d
4
0
0
0
0
0
0
0
1
e
15
18
11
4
0
0
0
0
0
0
0
3
f
1a
19
c
0
0
0
0
0
2
8
10
17
19
18
e
0
0
0
3
7
10
16
18
18
17
10
7
0
0
4
d
16
18
18
17
11
9
4
0
0
0
4
c
11
13
11
b
5
0
0
0
0
0
0
0
0
0
0
0
1
2
2
3
0
0
0
0
3
3
3
3
2
1
2
2
2
2
0
0
3
1
1
0
2
3
5
4
5
3
0
0
1
4
6
5
7
5
7
3
2
0
0
0
1
4
4
5
6
2
0
0
0
0
0
0
0
1
1
4
4
3
0
0
0
0
0
0
0
0
1
1
1
4
3
1
0
0
0
0
0
0
1
4
5
3
1
3
0
0
0
0
0
3
3
3
0
1
7
4
0
0
1
3
3
3
0
1
7
7
6
2
0
0
3
3
0
2
6
8
8
5
0
0
0
0
0
2
5
5
6
5
1
0
0
0
0
0
