Layer Name: quant
Output: 
[[[[0.0000 0.0000 0.0000 0.0000 0.0000 0.0000 0.0000 0.0000 0.0000 0.0000 0.0000 0.0000 0.0000 0.0000 0.0000 0.0000 0.0000 0.0000 0.0000 0.0000 0.0000 0.0000 0.0000 0.0000 0.0000 0.0000 0.0000 0.0000],
   [0.0000 0.0000 0.0000 0.0000 0.0000 0.0000 0.0000 0.0000 0.0000 0.0000 0.0000 0.0000 0.0000 0.0000 0.0000 0.0000 0.0000 0.0000 0.0000 0.0000 0.0000 0.0000 0.0000 0.0000 0.0000 0.0000 0.0000 0.0000],
   [0.0000 0.0000 0.0000 0.0000 0.0000 0.0000 0.0000 0.0000 0.0000 0.0000 0.0000 0.0000 0.0000 0.0000 0.0000 0.0000 0.0000 0.0000 0.0000 0.0000 0.0000 0.0000 0.0000 0.0000 0.0000 0.0000 0.0000 0.0000],
   [0.0000 0.0000 0.0000 0.0000 0.0000 0.0000 0.0000 0.0000 0.0000 0.0000 0.0000 0.0000 0.0000 0.0000 0.0000 0.0000 0.0000 0.0000 0.0000 0.0000 0.0000 0.0000 0.0000 0.0000 0.0000 0.0000 0.0000 0.0000],
   [0.0000 0.0000 0.0000 0.0000 0.0000 0.0000 0.0000 0.0000 0.0000 0.0000 0.0000 0.0000 0.0000 0.0000 0.0000 0.0000 0.0000 0.0000 0.0000 0.0000 0.0000 0.0000 0.0000 0.0000 0.0000 0.0000 0.0000 0.0000],
   [0.0000 0.0000 0.0000 0.0000 0.0000 0.0000 0.0000 0.0000 0.0000 0.0000 0.0000 0.0000 0.0079 0.0709 0.0709 0.0709 0.4961 0.5354 0.6850 0.1024 0.6535 1.0000 0.9685 0.4961 0.0000 0.0000 0.0000 0.0000],
   [0.0000 0.0000 0.0000 0.0000 0.0000 0.0000 0.0000 0.0000 0.1181 0.1417 0.3701 0.6063 0.6693 0.9921 0.9921 0.9921 0.9921 0.9921 0.8819 0.6772 0.9921 0.9528 0.7638 0.2520 0.0000 0.0000 0.0000 0.0000],
   [0.0000 0.0000 0.0000 0.0000 0.0000 0.0000 0.0000 0.1890 0.9370 0.9921 0.9921 0.9921 0.9921 0.9921 0.9921 0.9921 0.9921 0.9843 0.3622 0.3150 0.3150 0.2205 0.1496 0.0000 0.0000 0.0000 0.0000 0.0000],
   [0.0000 0.0000 0.0000 0.0000 0.0000 0.0000 0.0000 0.0709 0.8583 0.9921 0.9921 0.9921 0.9921 0.9921 0.7795 0.7165 0.9685 0.9449 0.0000 0.0000 0.0000 0.0000 0.0000 0.0000 0.0000 0.0000 0.0000 0.0000],
   [0.0000 0.0000 0.0000 0.0000 0.0000 0.0000 0.0000 0.0000 0.3150 0.6142 0.4173 0.9921 0.9921 0.8031 0.0394 0.0000 0.1654 0.6063 0.0000 0.0000 0.0000 0.0000 0.0000 0.0000 0.0000 0.0000 0.0000 0.0000],
   [0.0000 0.0000 0.0000 0.0000 0.0000 0.0000 0.0000 0.0000 0.0000 0.0551 0.0000 0.6063 0.9921 0.3465 0.0000 0.0000 0.0000 0.0000 0.0000 0.0000 0.0000 0.0000 0.0000 0.0000 0.0000 0.0000 0.0000 0.0000],
   [0.0000 0.0000 0.0000 0.0000 0.0000 0.0000 0.0000 0.0000 0.0000 0.0000 0.0000 0.5433 0.9921 0.7480 0.0079 0.0000 0.0000 0.0000 0.0000 0.0000 0.0000 0.0000 0.0000 0.0000 0.0000 0.0000 0.0000 0.0000],
   [0.0000 0.0000 0.0000 0.0000 0.0000 0.0000 0.0000 0.0000 0.0000 0.0000 0.0000 0.0394 0.7480 0.9921 0.2756 0.0000 0.0000 0.0000 0.0000 0.0000 0.0000 0.0000 0.0000 0.0000 0.0000 0.0000 0.0000 0.0000],
   [0.0000 0.0000 0.0000 0.0000 0.0000 0.0000 0.0000 0.0000 0.0000 0.0000 0.0000 0.0000 0.1339 0.9449 0.8819 0.6299 0.4252 0.0000 0.0000 0.0000 0.0000 0.0000 0.0000 0.0000 0.0000 0.0000 0.0000 0.0000],
   [0.0000 0.0000 0.0000 0.0000 0.0000 0.0000 0.0000 0.0000 0.0000 0.0000 0.0000 0.0000 0.0000 0.3150 0.9449 0.9921 0.9921 0.4646 0.0945 0.0000 0.0000 0.0000 0.0000 0.0000 0.0000 0.0000 0.0000 0.0000],
   [0.0000 0.0000 0.0000 0.0000 0.0000 0.0000 0.0000 0.0000 0.0000 0.0000 0.0000 0.0000 0.0000 0.0000 0.1732 0.7323 0.9921 0.9921 0.5906 0.1024 0.0000 0.0000 0.0000 0.0000 0.0000 0.0000 0.0000 0.0000],
   [0.0000 0.0000 0.0000 0.0000 0.0000 0.0000 0.0000 0.0000 0.0000 0.0000 0.0000 0.0000 0.0000 0.0000 0.0000 0.0630 0.3622 0.9921 0.9921 0.7323 0.0000 0.0000 0.0000 0.0000 0.0000 0.0000 0.0000 0.0000],
   [0.0000 0.0000 0.0000 0.0000 0.0000 0.0000 0.0000 0.0000 0.0000 0.0000 0.0000 0.0000 0.0000 0.0000 0.0000 0.0000 0.0000 0.9764 0.9921 0.9764 0.2520 0.0000 0.0000 0.0000 0.0000 0.0000 0.0000 0.0000],
   [0.0000 0.0000 0.0000 0.0000 0.0000 0.0000 0.0000 0.0000 0.0000 0.0000 0.0000 0.0000 0.0000 0.0000 0.1811 0.5118 0.7165 0.9921 0.9921 0.8110 0.0079 0.0000 0.0000 0.0000 0.0000 0.0000 0.0000 0.0000],
   [0.0000 0.0000 0.0000 0.0000 0.0000 0.0000 0.0000 0.0000 0.0000 0.0000 0.0000 0.0000 0.1496 0.5748 0.8976 0.9921 0.9921 0.9921 0.9843 0.7165 0.0000 0.0000 0.0000 0.0000 0.0000 0.0000 0.0000 0.0000],
   [0.0000 0.0000 0.0000 0.0000 0.0000 0.0000 0.0000 0.0000 0.0000 0.0000 0.0945 0.4409 0.8661 0.9921 0.9921 0.9921 0.9921 0.7874 0.3071 0.0000 0.0000 0.0000 0.0000 0.0000 0.0000 0.0000 0.0000 0.0000],
   [0.0000 0.0000 0.0000 0.0000 0.0000 0.0000 0.0000 0.0000 0.0866 0.2520 0.8346 0.9921 0.9921 0.9921 0.9921 0.7795 0.3150 0.0079 0.0000 0.0000 0.0000 0.0000 0.0000 0.0000 0.0000 0.0000 0.0000 0.0000],
   [0.0000 0.0000 0.0000 0.0000 0.0000 0.0000 0.0709 0.6693 0.8583 0.9921 0.9921 0.9921 0.9921 0.7638 0.3150 0.0315 0.0000 0.0000 0.0000 0.0000 0.0000 0.0000 0.0000 0.0000 0.0000 0.0000 0.0000 0.0000],
   [0.0000 0.0000 0.0000 0.0000 0.2126 0.6772 0.8898 0.9921 0.9921 0.9921 0.9921 0.9528 0.5197 0.0394 0.0000 0.0000 0.0000 0.0000 0.0000 0.0000 0.0000 0.0000 0.0000 0.0000 0.0000 0.0000 0.0000 0.0000],
   [0.0000 0.0000 0.0000 0.0000 0.5354 0.9921 0.9921 0.9921 0.8268 0.5276 0.5118 0.0630 0.0000 0.0000 0.0000 0.0000 0.0000 0.0000 0.0000 0.0000 0.0000 0.0000 0.0000 0.0000 0.0000 0.0000 0.0000 0.0000],
   [0.0000 0.0000 0.0000 0.0000 0.0000 0.0000 0.0000 0.0000 0.0000 0.0000 0.0000 0.0000 0.0000 0.0000 0.0000 0.0000 0.0000 0.0000 0.0000 0.0000 0.0000 0.0000 0.0000 0.0000 0.0000 0.0000 0.0000 0.0000],
   [0.0000 0.0000 0.0000 0.0000 0.0000 0.0000 0.0000 0.0000 0.0000 0.0000 0.0000 0.0000 0.0000 0.0000 0.0000 0.0000 0.0000 0.0000 0.0000 0.0000 0.0000 0.0000 0.0000 0.0000 0.0000 0.0000 0.0000 0.0000],
   [0.0000 0.0000 0.0000 0.0000 0.0000 0.0000 0.0000 0.0000 0.0000 0.0000 0.0000 0.0000 0.0000 0.0000 0.0000 0.0000 0.0000 0.0000 0.0000 0.0000 0.0000 0.0000 0.0000 0.0000 0.0000 0.0000 0.0000 0.0000]]]]

Layer Name: conv1
Output: 
[[[[0.0000 0.0000 0.0000 0.0000 0.0000 0.0000 0.0000 0.0000 0.0000 0.0000 0.0000 0.0000 0.0000 0.0000 0.0000 0.0000 0.0000 0.0000 0.0000 0.0000 0.0000 0.0000 0.0000 0.0000],
   [0.0000 0.0000 0.0000 0.0000 0.0000 0.0000 0.0000 0.0000 0.0000 0.0000 0.0375 0.0375 0.1501 0.2626 0.4127 0.4127 0.5252 0.6378 0.7128 0.6753 0.6753 0.5252 0.3001 0.1126],
   [0.0000 0.0000 0.0000 0.0000 0.0375 0.0375 0.1501 0.2626 0.4127 0.6003 0.8254 0.9379 1.1255 1.3131 1.4257 1.3506 1.4257 1.5382 1.5757 1.4632 1.2381 0.8254 0.4127 0.1126],
   [0.0000 0.0000 0.0000 0.0375 0.2626 0.5252 0.7879 1.1255 1.4257 1.6508 1.8008 1.9509 2.1010 2.2135 2.1760 1.9884 1.9509 1.8384 1.7258 1.5382 1.3131 0.9004 0.4502 0.1126],
   [0.0000 0.0000 0.0000 0.0375 0.4502 0.9004 1.3881 1.9134 2.2886 2.4762 2.5887 2.6637 2.6637 2.6262 2.2886 2.1010 1.8008 1.1630 0.7128 0.8629 0.9004 0.6753 0.2626 0.0000],
   [0.0000 0.0000 0.0000 0.0375 0.4127 0.9004 1.3881 1.9509 2.3636 2.4762 2.2886 2.1760 1.9509 1.7633 1.2006 1.0505 0.7128 0.1501 0.0000 0.0000 0.1126 0.2626 0.1876 0.0750],
   [0.0000 0.0000 0.0000 0.0000 0.0000 0.1126 0.4502 1.0505 1.4632 1.5007 1.3131 1.0880 0.7503 0.5252 0.3752 0.4502 0.2251 0.0000 0.0000 0.0000 0.0000 0.1126 0.1126 0.0375],
   [0.0000 0.0000 0.0000 0.0000 0.0000 0.0000 0.0000 0.0000 0.6753 1.0130 0.9755 0.9004 0.3752 0.0000 0.0000 0.2251 0.2251 0.0375 0.0000 0.0000 0.0000 0.0375 0.0375 0.0000],
   [0.0000 0.0000 0.0000 0.0000 0.0000 0.0000 0.0000 0.0000 0.0000 0.5628 1.0505 1.1255 0.6378 0.0000 0.0000 0.0375 0.2626 0.1126 0.0000 0.0000 0.0000 0.0000 0.0000 0.0000],
   [0.0000 0.0000 0.0000 0.0000 0.0000 0.0000 0.0000 0.0000 0.0000 0.3001 1.1630 1.6508 1.4632 0.8629 0.2626 0.0750 0.1126 0.1126 0.0000 0.0000 0.0000 0.0000 0.0000 0.0000],
   [0.0000 0.0000 0.0000 0.0000 0.0000 0.0000 0.0000 0.0000 0.0000 0.0000 0.8629 1.7633 1.9884 1.5757 1.1255 0.6753 0.3752 0.1126 0.0375 0.0000 0.0000 0.0000 0.0000 0.0000],
   [0.0000 0.0000 0.0000 0.0000 0.0000 0.0000 0.0000 0.0000 0.0000 0.0000 0.1126 1.3131 2.0259 2.0635 1.7633 1.3881 0.8629 0.4127 0.1501 0.0375 0.0000 0.0000 0.0000 0.0000],
   [0.0000 0.0000 0.0000 0.0000 0.0000 0.0000 0.0000 0.0000 0.0000 0.0000 0.0000 0.1501 1.2381 1.9134 2.1385 1.8759 1.3881 0.9379 0.4502 0.1501 0.0000 0.0000 0.0000 0.0000],
   [0.0000 0.0000 0.0000 0.0000 0.0000 0.0000 0.0000 0.0000 0.0000 0.0000 0.0000 0.0000 0.0000 0.9755 1.8008 2.2510 1.9509 1.4632 0.8629 0.3377 0.0375 0.0000 0.0000 0.0000],
   [0.0000 0.0000 0.0000 0.0000 0.0000 0.0000 0.0000 0.0000 0.0000 0.0000 0.0000 0.0000 0.0000 0.1876 1.3131 2.2510 2.4011 1.8759 1.0880 0.4502 0.0375 0.0000 0.0000 0.0000],
   [0.0000 0.0000 0.0000 0.0000 0.0000 0.0000 0.0000 0.0000 0.0375 0.1501 0.3377 0.4877 0.5628 0.7503 1.2006 1.9134 2.2510 2.1010 1.2756 0.4502 0.0375 0.0000 0.0000 0.0000],
   [0.0000 0.0000 0.0000 0.0000 0.0000 0.0000 0.0375 0.1126 0.3377 0.6753 1.0880 1.5757 1.9134 1.8008 1.5007 1.4632 1.6132 1.5007 1.0130 0.3377 0.0000 0.0000 0.0000 0.0000],
   [0.0000 0.0000 0.0000 0.0000 0.0000 0.0750 0.2626 0.5628 1.0130 1.5007 1.9509 2.1760 2.2510 1.9509 1.5007 0.9379 0.7879 0.8254 0.6003 0.2626 0.0375 0.0000 0.0000 0.0000],
   [0.0000 0.0000 0.0000 0.1501 0.3752 0.6378 1.0130 1.5007 1.8759 2.1010 2.1010 1.9509 1.6508 1.0880 0.5252 0.1876 0.3001 0.4502 0.3001 0.0750 0.0000 0.0000 0.0000 0.0000],
   [0.0375 0.1876 0.4127 0.7503 1.1630 1.5757 1.9509 2.1760 2.1385 1.9509 1.6508 1.1255 0.5252 0.1501 0.0375 0.0000 0.0000 0.0000 0.1501 0.1126 0.0000 0.0000 0.0000 0.0000],
   [0.1501 0.5252 0.9379 1.4632 1.9509 2.2135 2.1760 1.9509 1.6132 1.1630 0.6003 0.1876 0.0375 0.0000 0.0000 0.0000 0.0750 0.1126 0.0375 0.0000 0.0000 0.0000 0.0000 0.0000],
   [0.1501 0.4502 0.8254 1.0880 1.2381 1.3131 1.2381 0.8629 0.4502 0.1876 0.1126 0.0375 0.0000 0.0000 0.0750 0.1126 0.0375 0.0000 0.0000 0.0000 0.0000 0.0000 0.0000 0.0000],
   [0.0375 0.0375 0.1126 0.2251 0.3377 0.1876 0.0375 0.0000 0.0000 0.0000 0.0000 0.0000 0.0375 0.1126 0.0375 0.0000 0.0000 0.0000 0.0000 0.0000 0.0000 0.0000 0.0000 0.0000],
   [0.0000 0.0000 0.0000 0.0000 0.0000 0.0000 0.0000 0.0000 0.0000 0.0000 0.0000 0.1501 0.0750 0.0000 0.0000 0.0000 0.0000 0.0000 0.0000 0.0000 0.0000 0.0000 0.0000 0.0000]],

  [[0.0000 0.0000 0.0000 0.0000 0.0000 0.0000 0.0000 0.0000 0.0000 0.0000 0.0000 0.0000 0.0000 0.0000 0.0000 0.0000 0.0000 0.0000 0.0000 0.0000 0.0000 0.0000 0.0000 0.0000],
   [0.0000 0.0000 0.0000 0.0000 0.0000 0.0000 0.0000 0.0000 0.0000 0.0000 0.0000 0.0000 0.0000 0.0000 0.0000 0.0000 0.0000 0.0000 0.0000 0.0000 0.1126 0.3377 0.2626 0.0750],
   [0.0000 0.0000 0.0000 0.0000 0.0000 0.0000 0.0000 0.0000 0.0000 0.0000 0.0000 0.0000 0.0000 0.0000 0.0000 0.0375 0.1126 0.0000 0.0000 0.1126 0.7503 0.8629 0.5252 0.1501],
   [0.0000 0.0000 0.0000 0.0000 0.0000 0.0000 0.0000 0.0000 0.0000 0.0000 0.0000 0.0000 0.1876 0.4127 0.7128 0.9379 1.0880 0.9755 1.0505 1.2381 1.3881 1.0880 0.6003 0.1876],
   [0.0000 0.0000 0.0000 0.0000 0.0000 0.0000 0.0000 0.0375 0.5252 0.7503 1.0130 1.2381 1.4257 1.5382 1.9509 2.2510 2.4011 2.1385 1.9134 1.7633 1.5757 1.1255 0.6003 0.1876],
   [0.0000 0.0000 0.0000 0.0375 0.0000 0.0000 0.4127 0.9755 1.5382 1.7633 2.3636 2.8513 2.9639 2.7388 2.8138 2.8888 2.8888 2.5512 2.1010 1.8008 1.5757 1.1255 0.6003 0.1876],
   [0.0000 0.0000 0.0000 0.0750 0.4127 0.7879 1.3881 1.9134 2.2510 2.6637 3.4516 4.0894 3.8643 3.3766 2.8513 2.6637 2.3636 1.9134 1.3131 1.0880 0.8254 0.5252 0.2626 0.0750],
   [0.0000 0.0000 0.0000 0.0750 0.5628 1.1255 1.6883 2.1385 2.3261 2.6262 3.1515 3.4891 3.2640 2.7388 1.9884 1.6132 1.3131 0.8629 0.3001 0.2251 0.1501 0.0750 0.0375 0.0000],
   [0.0000 0.0000 0.0000 0.0000 0.3001 0.6753 1.0130 1.4632 1.7633 1.8759 2.1385 2.6637 2.5137 1.8759 1.0130 0.7879 0.6378 0.3752 0.0000 0.0000 0.0000 0.0000 0.0000 0.0000],
   [0.0000 0.0000 0.0000 0.0000 0.0750 0.2251 0.3377 0.8254 1.2756 1.2756 1.2381 1.5757 1.5382 1.0880 0.4877 0.3752 0.2626 0.1501 0.0000 0.0000 0.0000 0.0000 0.0000 0.0000],
   [0.0000 0.0000 0.0000 0.0000 0.0000 0.0000 0.0000 0.3001 0.9004 1.0880 0.8254 0.9379 0.9379 0.8629 0.6378 0.5628 0.3377 0.1126 0.0000 0.0000 0.0000 0.0000 0.0000 0.0000],
   [0.0000 0.0000 0.0000 0.0000 0.0000 0.0000 0.0000 0.1501 0.5628 1.1255 1.1630 1.0880 1.0505 0.8629 0.8254 0.8629 0.7503 0.4127 0.1501 0.0000 0.0000 0.0000 0.0000 0.0000],
   [0.0000 0.0000 0.0000 0.0000 0.0000 0.0000 0.0000 0.0000 0.2251 0.7503 1.1630 1.3881 1.5007 1.3131 0.9755 0.9004 1.0505 0.8254 0.4877 0.1501 0.0000 0.0000 0.0000 0.0000],
   [0.0000 0.0000 0.0000 0.0000 0.0000 0.0000 0.0000 0.0000 0.0375 0.3377 0.7879 1.3131 1.8008 1.6883 1.3131 1.0505 1.3131 1.3506 0.9379 0.4127 0.0375 0.0000 0.0000 0.0000],
   [0.0000 0.0000 0.0000 0.0000 0.0000 0.0000 0.0000 0.0000 0.0000 0.0750 0.3001 0.6003 0.9755 1.2006 1.3881 1.6508 1.9509 2.0635 1.4257 0.6003 0.0750 0.0000 0.0000 0.0000],
   [0.0000 0.0000 0.0000 0.0000 0.0000 0.0000 0.0000 0.0000 0.0000 0.0000 0.0000 0.0000 0.0000 0.7503 1.5382 2.2135 2.6637 2.7013 1.8008 0.7879 0.0750 0.0000 0.0000 0.0000],
   [0.0000 0.0000 0.0000 0.0000 0.0000 0.0000 0.0000 0.0000 0.0000 0.0000 0.0000 0.0000 0.1876 1.1255 2.1010 2.9264 3.1139 2.8138 1.7633 0.7879 0.0750 0.0000 0.0000 0.0000],
   [0.0000 0.0000 0.0000 0.0000 0.0000 0.0000 0.0000 0.0000 0.0000 0.0000 0.1501 0.7503 1.4257 2.3636 3.1515 3.4516 2.9264 2.2510 1.3881 0.6378 0.0750 0.0000 0.0000 0.0000],
   [0.0000 0.0000 0.0000 0.0000 0.0000 0.0000 0.0000 0.0000 0.0375 0.6753 1.4632 2.3261 3.0389 3.4516 3.3766 2.9639 2.2135 1.5382 0.8629 0.3377 0.0000 0.0000 0.0000 0.0000],
   [0.0000 0.0000 0.0000 0.0000 0.0000 0.0000 0.0750 0.6378 1.2756 2.1385 3.0764 3.5266 3.4516 3.1139 2.6262 2.0635 1.3881 0.8629 0.4502 0.1501 0.0000 0.0000 0.0000 0.0000],
   [0.0000 0.0000 0.0000 0.0000 0.1876 0.8254 1.4257 2.1385 2.7388 3.3766 3.4891 3.1515 2.6637 2.0635 1.5007 0.9755 0.5628 0.2626 0.0750 0.0000 0.0000 0.0000 0.0000 0.0000],
   [0.0000 0.0000 0.1501 0.7879 1.5007 2.1385 2.6637 3.1139 3.3015 3.0764 2.7388 2.1760 1.5382 0.9755 0.5628 0.2626 0.0750 0.0000 0.0000 0.0000 0.0000 0.0000 0.0000 0.0000],
   [0.1876 0.5628 1.0130 1.6132 2.2510 2.6262 2.8513 2.8513 2.5887 2.1385 1.6508 1.0880 0.6003 0.2626 0.0750 0.0000 0.0000 0.0000 0.0000 0.0000 0.0000 0.0000 0.0000 0.0000],
   [0.1876 0.5628 0.9755 1.4632 1.8759 2.0635 2.0259 1.8008 1.4632 1.0505 0.7128 0.3752 0.1126 0.0000 0.0000 0.0000 0.0000 0.0000 0.0000 0.0000 0.0000 0.0000 0.0000 0.0000]],

  [[0.0000 0.0000 0.0000 0.0000 0.0000 0.0000 0.0000 0.0000 0.0000 0.0000 0.0000 0.0000 0.0000 0.0000 0.0000 0.0000 0.0000 0.0000 0.0000 0.0000 0.0000 0.0000 0.0000 0.0000],
   [0.0000 0.0000 0.0000 0.0000 0.0000 0.0000 0.0000 0.0000 0.0000 0.0000 0.0375 0.0375 0.1501 0.3001 0.4502 0.4502 0.5628 0.6753 0.7879 0.7503 0.7128 0.5628 0.3377 0.1126],
   [0.0000 0.0000 0.0000 0.0000 0.0375 0.0750 0.1501 0.3001 0.4502 0.6753 0.8629 1.0505 1.2381 1.4257 1.5757 1.5007 1.6132 1.7258 1.8008 1.6132 1.4257 1.0505 0.5628 0.1876],
   [0.0000 0.0000 0.0000 0.0375 0.3001 0.5628 0.8629 1.2381 1.5757 1.8384 2.0259 2.2135 2.4011 2.5887 2.5512 2.3261 2.3261 2.2510 2.1010 1.8384 1.5757 1.1255 0.6003 0.1876],
   [0.0000 0.0000 0.0000 0.0750 0.4877 1.0130 1.5382 2.1385 2.7013 2.9639 3.1515 3.2265 3.4516 3.6017 3.3391 2.9264 2.6637 2.3636 1.9884 1.8008 1.4632 0.9379 0.4502 0.0750],
   [0.0000 0.0000 0.0000 0.0750 0.5628 1.2006 1.8759 2.7013 3.4516 3.8268 3.8268 3.7517 3.7517 3.7142 3.1139 2.6637 2.4011 2.1010 1.3881 1.2381 0.8254 0.4877 0.1501 0.0000],
   [0.0000 0.0000 0.0000 0.0750 0.5628 1.2006 1.8008 2.7013 3.4516 3.7893 3.6392 3.4891 3.1890 2.8513 2.1760 1.7633 1.5007 1.0505 0.5252 0.4127 0.2251 0.1126 0.0000 0.0000],
   [0.0000 0.0000 0.0000 0.0750 0.5252 0.9755 1.3131 2.1385 2.8888 3.2640 3.0389 2.8888 2.4386 1.8759 1.0880 0.8629 0.6378 0.2626 0.0750 0.0375 0.0000 0.0000 0.0000 0.0000],
   [0.0000 0.0000 0.0000 0.0000 0.2626 0.5252 0.6003 1.2756 2.0259 2.5887 2.4762 2.2510 1.8384 1.1255 0.3752 0.3001 0.2626 0.0000 0.0000 0.0000 0.0000 0.0000 0.0000 0.0000],
   [0.0000 0.0000 0.0000 0.0000 0.0750 0.1876 0.1501 0.6003 1.3506 1.9134 2.1385 2.0635 1.8384 1.2381 0.5628 0.2626 0.2251 0.0000 0.0000 0.0000 0.0000 0.0000 0.0000 0.0000],
   [0.0000 0.0000 0.0000 0.0000 0.0000 0.0000 0.0000 0.2626 0.8629 1.3881 1.8759 2.1760 2.1385 1.8384 1.3131 0.8254 0.4502 0.1126 0.0375 0.0000 0.0000 0.0000 0.0000 0.0000],
   [0.0000 0.0000 0.0000 0.0000 0.0000 0.0000 0.0000 0.1126 0.4877 0.9755 1.3881 1.9509 2.2886 2.2510 2.1010 1.6132 1.0880 0.5252 0.1876 0.0375 0.0000 0.0000 0.0000 0.0000],
   [0.0000 0.0000 0.0000 0.0000 0.0000 0.0000 0.0000 0.0000 0.1876 0.6003 0.9004 1.5007 2.1010 2.3636 2.4386 2.2510 1.7258 1.1630 0.6003 0.1876 0.0000 0.0000 0.0000 0.0000],
   [0.0000 0.0000 0.0000 0.0000 0.0000 0.0000 0.0000 0.0000 0.0375 0.3001 0.6003 0.9379 1.5757 2.1385 2.5137 2.6637 2.2510 1.8008 1.0880 0.4877 0.0750 0.0000 0.0000 0.0000],
   [0.0000 0.0000 0.0000 0.0000 0.0000 0.0000 0.0000 0.0000 0.0000 0.0750 0.3001 0.6753 1.2006 2.1010 2.7388 3.1139 2.7388 2.2135 1.3881 0.6378 0.0750 0.0000 0.0000 0.0000],
   [0.0000 0.0000 0.0000 0.0000 0.0000 0.0000 0.0000 0.0000 0.0375 0.1501 0.4502 0.9755 1.5382 2.4386 3.2640 3.6017 3.1890 2.5137 1.5382 0.6753 0.0750 0.0000 0.0000 0.0000],
   [0.0000 0.0000 0.0000 0.0000 0.0000 0.0000 0.0375 0.1126 0.3752 0.7128 1.2006 1.7633 2.3636 3.1890 3.6017 3.7142 3.1139 2.2135 1.3131 0.4127 0.0000 0.0000 0.0000 0.0000],
   [0.0000 0.0000 0.0000 0.0000 0.0375 0.0750 0.3001 0.6378 1.0880 1.6883 2.3261 2.8888 3.2265 3.6392 3.6017 3.1515 2.4011 1.4632 0.8254 0.1876 0.0000 0.0000 0.0000 0.0000],
   [0.0000 0.0000 0.0000 0.1876 0.3752 0.6753 1.1255 1.6883 2.2135 2.7763 3.2640 3.5642 3.5642 3.3015 2.8513 2.2135 1.4257 0.7879 0.3752 0.0000 0.0000 0.0000 0.0000 0.0000],
   [0.0375 0.2251 0.4127 0.8254 1.2756 1.7258 2.2510 2.8138 3.2640 3.5642 3.6392 3.3766 2.9264 2.3261 1.7258 1.1255 0.5252 0.2251 0.0750 0.0000 0.0000 0.0000 0.0000 0.0000],
   [0.1876 0.5628 1.0130 1.6508 2.2886 2.7388 3.1515 3.4891 3.5642 3.3766 2.9639 2.4011 1.8008 1.1630 0.6003 0.2251 0.0750 0.0000 0.0000 0.0000 0.0000 0.0000 0.0000 0.0000],
   [0.1876 0.5628 1.0130 1.6508 2.2886 2.7388 3.0389 3.0389 2.7763 2.4011 1.8759 1.2381 0.6753 0.2626 0.0750 0.0000 0.0000 0.0000 0.0000 0.0000 0.0000 0.0000 0.0000 0.0000],
   [0.1876 0.5628 1.0130 1.6132 2.1010 2.2135 2.2510 2.0259 1.6883 1.2381 0.7503 0.3377 0.1126 0.0000 0.0000 0.0000 0.0000 0.0000 0.0000 0.0000 0.0000 0.0000 0.0000 0.0000],
   [0.1876 0.5252 0.8254 1.1255 1.3131 1.2006 1.1255 0.8629 0.5628 0.3001 0.1501 0.0375 0.0000 0.0000 0.0000 0.0000 0.0000 0.0000 0.0000 0.0000 0.0000 0.0000 0.0000 0.0000]],

  [[0.0000 0.0000 0.0000 0.0000 0.0000 0.0000 0.0000 0.0000 0.0000 0.0000 0.0000 0.0000 0.0000 0.0000 0.0000 0.0000 0.0000 0.0000 0.0000 0.0000 0.0000 0.0000 0.0000 0.0000],
   [0.0000 0.0000 0.0000 0.0000 0.0000 0.0000 0.0000 0.0000 0.0000 0.0000 0.0000 0.0000 0.0000 0.0000 0.0000 0.0000 0.0000 0.0000 0.0000 0.0000 0.0000 0.0000 0.0000 0.0000],
   [0.0000 0.0000 0.0000 0.0000 0.0000 0.0000 0.0000 0.0000 0.0000 0.0000 0.0000 0.0000 0.0000 0.0000 0.0000 0.0000 0.0000 0.0000 0.0750 0.1126 0.1876 0.1876 0.1126 0.0375],
   [0.0000 0.0000 0.0000 0.0000 0.0000 0.0000 0.0000 0.0000 0.0000 0.0000 0.1126 0.2251 0.3752 0.5252 0.6003 0.7128 0.8254 0.9755 1.1630 1.0880 1.0505 0.7879 0.4502 0.1501],
   [0.0000 0.0000 0.0000 0.0000 0.1501 0.2251 0.3377 0.5628 0.6753 0.7879 0.9379 1.0880 1.1255 1.0880 0.9755 0.9755 0.9379 0.6753 0.7503 0.5628 0.5628 0.4502 0.2626 0.1126],
   [0.0000 0.0000 0.0000 0.0375 0.2251 0.5252 0.7503 1.0505 1.2006 1.0130 0.9379 0.9004 0.9004 0.9755 0.7503 0.4877 0.1501 0.0000 0.0000 0.0000 0.0000 0.0000 0.0000 0.0000],
   [0.0000 0.0000 0.0000 0.0000 0.0000 0.0750 0.3001 0.4502 0.7128 0.6003 0.4127 0.1501 0.0000 0.0000 0.0000 0.0000 0.0000 0.0000 0.0000 0.0000 0.0000 0.0000 0.0000 0.0000],
   [0.0000 0.0000 0.0000 0.0000 0.0000 0.0000 0.0000 0.0000 0.0000 0.0000 0.0000 0.0000 0.0000 0.0000 0.0000 0.0000 0.0000 0.0000 0.0000 0.0000 0.0000 0.0000 0.0000 0.0000],
   [0.0000 0.0000 0.0000 0.0000 0.0000 0.0000 0.0000 0.0000 0.0000 0.0000 0.0000 0.0000 0.0000 0.0000 0.0000 0.0000 0.0000 0.0000 0.0000 0.0000 0.0000 0.0000 0.0000 0.0000],
   [0.0000 0.0000 0.0000 0.0000 0.0000 0.0000 0.0000 0.0000 0.0000 0.0000 0.0000 0.0000 0.1501 0.0000 0.0000 0.0000 0.0000 0.0000 0.0000 0.0000 0.0000 0.0000 0.0000 0.0000],
   [0.0000 0.0000 0.0000 0.0000 0.0000 0.0000 0.0000 0.0000 0.0000 0.0000 0.0750 0.1876 0.3752 0.4127 0.0000 0.0000 0.0000 0.0000 0.0000 0.0000 0.0000 0.0000 0.0000 0.0000],
   [0.0000 0.0000 0.0000 0.0000 0.0000 0.0000 0.0000 0.0000 0.0000 0.0000 0.0000 0.1876 0.5628 0.9004 0.7128 0.2626 0.0375 0.0000 0.0000 0.0000 0.0000 0.0000 0.0000 0.0000],
   [0.0000 0.0000 0.0000 0.0000 0.0000 0.0000 0.0000 0.0000 0.0000 0.0000 0.0000 0.0000 0.1126 0.7503 1.0505 0.8254 0.4877 0.0750 0.0000 0.0000 0.0000 0.0000 0.0000 0.0000],
   [0.0000 0.0000 0.0000 0.0000 0.0000 0.0000 0.0000 0.0000 0.0000 0.0000 0.0000 0.0000 0.0000 0.0000 0.3752 0.6753 0.7128 0.4502 0.1876 0.0000 0.0000 0.0000 0.0000 0.0000],
   [0.0000 0.0000 0.0000 0.0000 0.0000 0.0000 0.0000 0.0000 0.0000 0.0000 0.0000 0.0000 0.0000 0.0000 0.0000 0.0000 0.3752 0.6753 0.5252 0.2251 0.0375 0.0000 0.0000 0.0000],
   [0.0000 0.0000 0.0000 0.0000 0.0000 0.0000 0.0000 0.0000 0.0000 0.0000 0.0000 0.0000 0.0000 0.0000 0.0000 0.0000 0.0375 0.4502 0.4127 0.3377 0.0375 0.0000 0.0000 0.0000],
   [0.0000 0.0000 0.0000 0.0000 0.0000 0.0000 0.0000 0.0000 0.0000 0.0000 0.0000 0.1126 0.3001 0.3377 0.3001 0.3752 0.1876 0.2626 0.2626 0.2251 0.0375 0.0000 0.0000 0.0000],
   [0.0000 0.0000 0.0000 0.0000 0.0000 0.0000 0.0000 0.0000 0.0000 0.1126 0.2626 0.5252 0.7503 0.8254 0.7503 0.5628 0.3377 0.1126 0.0000 0.0000 0.0000 0.0000 0.0000 0.0000],
   [0.0000 0.0000 0.0000 0.0000 0.0000 0.0000 0.0000 0.0000 0.1876 0.4127 0.6378 0.7879 0.7879 0.6003 0.2626 0.0000 0.0000 0.0000 0.0000 0.0000 0.0000 0.0000 0.0000 0.0000],
   [0.0000 0.0000 0.0000 0.0000 0.0000 0.0000 0.2251 0.4877 0.6003 0.7128 0.7128 0.4877 0.1876 0.0000 0.0000 0.0000 0.0000 0.0000 0.0000 0.0000 0.0000 0.0000 0.0000 0.0000],
   [0.0375 0.0375 0.0750 0.2251 0.4127 0.6378 0.8254 0.8629 0.9004 0.6753 0.3001 0.0000 0.0000 0.0000 0.0000 0.0000 0.0000 0.0000 0.0000 0.0000 0.0000 0.0000 0.0000 0.0000],
   [0.0750 0.3001 0.6378 0.9004 1.1255 1.2381 1.0130 0.8254 0.4127 0.0000 0.0000 0.0000 0.0000 0.0000 0.0000 0.0000 0.0000 0.0000 0.0000 0.0000 0.0000 0.0000 0.0000 0.0000],
   [0.0375 0.0750 0.1501 0.2251 0.2251 0.1126 0.0000 0.0000 0.0000 0.0000 0.0000 0.0000 0.0000 0.0000 0.0000 0.0000 0.0000 0.0000 0.0000 0.0000 0.0000 0.0000 0.0000 0.0000],
   [0.0000 0.0000 0.0000 0.0000 0.0000 0.0000 0.0000 0.0000 0.0000 0.0000 0.0000 0.0000 0.0000 0.0000 0.0000 0.0000 0.0000 0.0000 0.0000 0.0000 0.0000 0.0000 0.0000 0.0000]],

  [[0.0000 0.0000 0.0000 0.0000 0.0000 0.0000 0.0000 0.0000 0.0000 0.0000 0.0000 0.0000 0.0000 0.0000 0.0000 0.0000 0.0000 0.0000 0.0000 0.0000 0.0000 0.0000 0.0000 0.0000],
   [0.0000 0.0000 0.0000 0.0000 0.0000 0.0000 0.0000 0.0000 0.0000 0.0000 0.0375 0.0375 0.1126 0.1876 0.3001 0.3752 0.4502 0.5252 0.6003 0.6003 0.6378 0.5252 0.3001 0.1126],
   [0.0000 0.0000 0.0000 0.0000 0.0000 0.0375 0.0750 0.1876 0.3377 0.4877 0.6753 0.8254 0.9755 1.1255 1.2006 1.2381 1.1255 1.1630 1.1630 1.3131 1.0130 0.5628 0.1501 0.0000],
   [0.0000 0.0000 0.0000 0.0000 0.1501 0.3752 0.6378 0.9379 1.2006 1.3506 1.4632 1.5007 1.5007 1.5007 1.4632 1.5382 1.1255 0.8629 0.7503 1.0505 0.7503 0.2251 0.0000 0.0000],
   [0.0000 0.0000 0.0000 0.0375 0.2251 0.6378 1.0130 1.3881 1.5382 1.5757 1.6132 1.6132 1.5757 1.5757 1.5007 1.2756 0.6003 0.1876 0.3752 0.6753 0.2626 0.0000 0.0000 0.0000],
   [0.0000 0.0000 0.0000 0.0000 0.0000 0.4502 0.9379 1.4257 1.4257 1.5007 1.4632 1.3506 1.1255 0.9755 1.0505 0.7503 0.1126 0.0000 0.3001 0.3752 0.0000 0.0000 0.0000 0.0000],
   [0.0000 0.0000 0.0000 0.0000 0.0000 0.2251 0.7128 1.0505 1.0505 1.2006 1.2756 0.9379 0.4877 0.1501 0.5628 0.3377 0.0000 0.0000 0.0750 0.0000 0.0000 0.0000 0.0000 0.0000],
   [0.0000 0.0000 0.0000 0.0000 0.0000 0.3001 0.6753 0.6003 0.6378 0.9379 1.3506 0.8254 0.1126 0.0000 0.2626 0.0000 0.0000 0.0000 0.0000 0.0000 0.0000 0.0000 0.0000 0.0000],
   [0.0000 0.0000 0.0000 0.0000 0.0375 0.2626 0.4877 0.2626 0.3377 1.0505 1.4632 0.6753 0.0000 0.0000 0.2251 0.0000 0.0000 0.0000 0.0000 0.0000 0.0000 0.0000 0.0000 0.0000],
   [0.0000 0.0000 0.0000 0.0000 0.0375 0.1126 0.1876 0.0000 0.1876 0.9755 1.4257 0.7128 0.1501 0.1876 0.4877 0.2626 0.0000 0.0000 0.0000 0.0000 0.0000 0.0000 0.0000 0.0000],
   [0.0000 0.0000 0.0000 0.0000 0.0000 0.0000 0.0000 0.0000 0.0750 0.6003 1.1255 0.9379 0.6753 0.6003 0.7503 0.5252 0.2626 0.1126 0.0375 0.0000 0.0000 0.0000 0.0000 0.0000],
   [0.0000 0.0000 0.0000 0.0000 0.0000 0.0000 0.0000 0.0375 0.0750 0.2251 0.7128 0.7128 0.7128 0.9004 1.0130 0.8254 0.4127 0.3001 0.1126 0.0375 0.0000 0.0000 0.0000 0.0000],
   [0.0000 0.0000 0.0000 0.0000 0.0000 0.0000 0.0000 0.0000 0.0750 0.0750 0.2626 0.4877 0.4502 0.7879 1.0505 0.9379 0.6378 0.4877 0.2626 0.1501 0.0000 0.0000 0.0000 0.0000],
   [0.0000 0.0000 0.0000 0.0000 0.0000 0.0000 0.0000 0.0000 0.0000 0.0750 0.1876 0.3377 0.3752 0.4502 0.8254 1.0130 0.9379 0.6753 0.3377 0.1126 0.0375 0.0000 0.0000 0.0000],
   [0.0000 0.0000 0.0000 0.0000 0.0000 0.0000 0.0000 0.0000 0.0000 0.0375 0.1501 0.3377 0.5628 0.7503 1.0505 1.3506 1.3881 0.6753 0.2626 0.0000 0.0000 0.0000 0.0000 0.0000],
   [0.0000 0.0000 0.0000 0.0000 0.0000 0.0000 0.0000 0.0000 0.0000 0.0750 0.2626 0.6378 1.0880 1.3131 1.8008 1.8384 1.6508 0.5628 0.0000 0.0000 0.0000 0.0000 0.0000 0.0000],
   [0.0000 0.0000 0.0000 0.0000 0.0000 0.0000 0.0000 0.0750 0.2251 0.4877 0.8254 1.1630 1.5382 1.6508 1.9884 2.0259 1.5382 0.2626 0.0000 0.0000 0.0000 0.0000 0.0000 0.0000],
   [0.0000 0.0000 0.0000 0.0000 0.0000 0.0375 0.1501 0.4127 0.7503 1.0505 1.3881 1.6132 1.6883 1.6132 1.5007 1.2006 0.7503 0.0000 0.0000 0.0000 0.0000 0.0000 0.0000 0.0000],
   [0.0000 0.0000 0.0000 0.0750 0.2626 0.4877 0.7879 1.1255 1.3131 1.5757 1.6883 1.6883 1.4257 1.0130 0.6378 0.3377 0.0000 0.0000 0.0000 0.0000 0.0000 0.0000 0.0000 0.0000],
   [0.0375 0.1126 0.2626 0.5628 0.9004 1.2381 1.4257 1.5007 1.6508 1.7633 1.5757 1.1630 0.7128 0.3001 0.0375 0.0000 0.0000 0.0000 0.0000 0.0000 0.0000 0.0000 0.0000 0.0000],
   [0.0750 0.3377 0.7128 0.9755 1.3506 1.5382 1.5757 1.5382 1.5007 1.2006 0.8254 0.3377 0.0375 0.0000 0.0000 0.0000 0.0000 0.0000 0.0000 0.0000 0.0000 0.0000 0.0000 0.0000],
   [0.0375 0.1126 0.4127 0.7128 0.9379 0.9004 0.8629 0.7128 0.6378 0.5252 0.1126 0.0000 0.0000 0.0000 0.0000 0.0000 0.0000 0.0000 0.0000 0.0000 0.0000 0.0000 0.0000 0.0000],
   [0.0000 0.0000 0.1501 0.5252 0.6378 0.5628 0.4127 0.2626 0.1501 0.0000 0.0000 0.0000 0.0000 0.0000 0.0000 0.0000 0.0000 0.0000 0.0000 0.0000 0.0000 0.0000 0.0000 0.0000],
   [0.0000 0.0750 0.4502 0.5252 0.3377 0.1126 0.0000 0.0000 0.0000 0.0000 0.0000 0.0000 0.0000 0.0000 0.0000 0.0000 0.0000 0.0000 0.0000 0.0000 0.0000 0.0000 0.0000 0.0000]],

  [[0.0000 0.0000 0.0000 0.0000 0.0000 0.0000 0.0000 0.0000 0.0000 0.0000 0.0000 0.0000 0.0000 0.0000 0.0000 0.0000 0.0000 0.0000 0.0000 0.0000 0.0000 0.0000 0.0000 0.0000],
   [0.0000 0.0000 0.0000 0.0000 0.0000 0.0000 0.0000 0.0000 0.0000 0.0000 0.0000 0.0000 0.0375 0.1126 0.1126 0.0000 0.0000 0.0000 0.1126 0.0000 0.0000 0.0000 0.0000 0.0000],
   [0.0000 0.0000 0.0000 0.0000 0.0000 0.0375 0.0375 0.0750 0.1126 0.0750 0.0375 0.0000 0.0000 0.0000 0.0000 0.0000 0.0000 0.0000 0.0000 0.0000 0.0000 0.0000 0.0000 0.0000],
   [0.0000 0.0000 0.0000 0.0000 0.1501 0.2251 0.1876 0.0000 0.0000 0.0000 0.0000 0.0000 0.0000 0.0000 0.0000 0.0000 0.0000 0.0000 0.0000 0.0000 0.0000 0.0000 0.0000 0.0000],
   [0.0000 0.0000 0.0000 0.0375 0.2626 0.2251 0.0375 0.0000 0.0000 0.0000 0.0000 0.0000 0.0000 0.0000 0.0000 0.0000 0.0000 0.0000 0.3001 0.1876 0.1876 0.1501 0.0750 0.0375],
   [0.0000 0.0000 0.0000 0.0375 0.4127 0.2626 0.1126 0.0000 0.0000 0.0000 0.0000 0.0000 0.1501 0.5628 0.4877 0.5252 0.7503 1.0130 1.5007 1.3131 1.1630 0.8629 0.4877 0.1501],
   [0.0000 0.0000 0.0000 0.0375 0.5252 0.6753 0.7503 1.0880 1.2006 1.1255 0.8254 0.8629 1.3506 1.7258 1.3881 1.3131 1.2006 1.0880 1.2006 0.9755 0.7879 0.4877 0.2626 0.0375],
   [0.0000 0.0000 0.0000 0.0375 0.5252 0.9755 1.2756 1.9509 2.2510 1.8759 1.3881 1.0505 1.1630 1.7258 1.5382 1.2756 0.9379 0.5252 0.3001 0.2251 0.1501 0.0750 0.0375 0.0000],
   [0.0000 0.0000 0.0000 0.0000 0.2626 0.6378 0.9004 1.5757 2.0259 1.8384 1.2756 0.7503 0.4877 0.8629 0.8629 0.7128 0.5628 0.3377 0.0000 0.0000 0.0000 0.0000 0.0000 0.0000],
   [0.0000 0.0000 0.0000 0.0000 0.0750 0.2251 0.3001 0.7879 1.3506 1.4257 0.8629 0.5628 0.0000 0.0000 0.0000 0.0000 0.1126 0.1126 0.0000 0.0000 0.0000 0.0000 0.0000 0.0000],
   [0.0000 0.0000 0.0000 0.0000 0.0000 0.0000 0.0000 0.2626 0.8629 1.2381 0.9004 0.7128 0.1876 0.0000 0.0000 0.0000 0.0000 0.0000 0.0000 0.0000 0.0000 0.0000 0.0000 0.0000],
   [0.0000 0.0000 0.0000 0.0000 0.0000 0.0000 0.0000 0.1126 0.5252 1.1255 1.1255 0.9379 0.6378 0.0000 0.0000 0.0000 0.0000 0.0000 0.0000 0.0000 0.0000 0.0000 0.0000 0.0000],
   [0.0000 0.0000 0.0000 0.0000 0.0000 0.0000 0.0000 0.0000 0.1876 0.6753 1.0505 1.2006 1.1255 0.6378 0.0000 0.0000 0.0000 0.0000 0.0000 0.0000 0.0000 0.0000 0.0000 0.0000],
   [0.0000 0.0000 0.0000 0.0000 0.0000 0.0000 0.0000 0.0000 0.0375 0.3001 0.7128 1.1630 1.5007 1.6508 1.1630 0.3001 0.0000 0.0000 0.0000 0.0000 0.0000 0.0000 0.0000 0.0000],
   [0.0000 0.0000 0.0000 0.0000 0.0000 0.0000 0.0000 0.0000 0.0000 0.0750 0.3377 0.7503 1.3131 1.9134 1.6132 0.9379 0.0000 0.0000 0.0000 0.0000 0.0000 0.0000 0.0000 0.0000],
   [0.0000 0.0000 0.0000 0.0000 0.0000 0.0000 0.0000 0.0000 0.0000 0.0750 0.2626 0.4502 0.5628 0.9755 0.9379 0.8629 0.1126 0.0000 0.0000 0.0000 0.0000 0.0000 0.0000 0.0000],
   [0.0000 0.0000 0.0000 0.0000 0.0000 0.0000 0.0000 0.0375 0.1876 0.3001 0.1876 0.0000 0.0000 0.0375 0.1876 0.2251 0.0000 0.3001 0.1876 0.0750 0.0375 0.0000 0.0000 0.0000],
   [0.0000 0.0000 0.0000 0.0000 0.0000 0.0375 0.1501 0.2626 0.2626 0.0000 0.0000 0.0000 0.0000 0.0000 0.0000 0.4502 0.6003 0.7503 0.4877 0.3001 0.0375 0.0000 0.0000 0.0000],
   [0.0000 0.0000 0.0000 0.0750 0.1876 0.2251 0.1876 0.0000 0.0000 0.0000 0.0000 0.0000 0.0000 0.4502 0.9755 1.2756 1.1630 0.9379 0.6753 0.3377 0.0000 0.0000 0.0000 0.0000],
   [0.0000 0.1126 0.1876 0.3001 0.0750 0.0000 0.0000 0.0000 0.0000 0.0000 0.0000 0.3752 0.9755 1.3881 1.5007 1.4257 1.1255 0.7879 0.4127 0.1501 0.0000 0.0000 0.0000 0.0000],
   [0.0750 0.2626 0.2626 0.0750 0.0000 0.0000 0.0000 0.0000 0.0000 0.2626 0.8629 1.2756 1.4632 1.4257 1.2381 0.8629 0.5252 0.2251 0.0750 0.0000 0.0000 0.0000 0.0000 0.0000],
   [0.1501 0.2251 0.0000 0.0000 0.0000 0.0000 0.3001 0.6378 0.9755 1.3131 1.4257 1.3881 1.1630 0.8629 0.5252 0.2251 0.0750 0.0000 0.0000 0.0000 0.0000 0.0000 0.0000 0.0000],
   [0.1501 0.3377 0.4502 0.7503 0.9379 1.2006 1.5007 1.6508 1.7258 1.5757 1.2381 0.9379 0.5628 0.2626 0.0750 0.0000 0.0000 0.0000 0.0000 0.0000 0.0000 0.0000 0.0000 0.0000],
   [0.1501 0.5252 0.9004 1.3131 1.6883 1.8384 1.8384 1.6508 1.3506 0.9755 0.6753 0.3377 0.1126 0.0000 0.0000 0.0000 0.0000 0.0000 0.0000 0.0000 0.0000 0.0000 0.0000 0.0000]]]]

Layer Name: relu1
Output: 
[[[[0.0000 0.0000 0.0000 0.0000 0.0000 0.0000 0.0000 0.0000 0.0000 0.0000 0.0000 0.0000 0.0000 0.0000 0.0000 0.0000 0.0000 0.0000 0.0000 0.0000 0.0000 0.0000 0.0000 0.0000],
   [0.0000 0.0000 0.0000 0.0000 0.0000 0.0000 0.0000 0.0000 0.0000 0.0000 0.0375 0.0375 0.1501 0.2626 0.4127 0.4127 0.5252 0.6378 0.7128 0.6753 0.6753 0.5252 0.3001 0.1126],
   [0.0000 0.0000 0.0000 0.0000 0.0375 0.0375 0.1501 0.2626 0.4127 0.6003 0.8254 0.9379 1.1255 1.3131 1.4257 1.3506 1.4257 1.5382 1.5757 1.4632 1.2381 0.8254 0.4127 0.1126],
   [0.0000 0.0000 0.0000 0.0375 0.2626 0.5252 0.7879 1.1255 1.4257 1.6508 1.8008 1.9509 2.1010 2.2135 2.1760 1.9884 1.9509 1.8384 1.7258 1.5382 1.3131 0.9004 0.4502 0.1126],
   [0.0000 0.0000 0.0000 0.0375 0.4502 0.9004 1.3881 1.9134 2.2886 2.4762 2.5887 2.6637 2.6637 2.6262 2.2886 2.1010 1.8008 1.1630 0.7128 0.8629 0.9004 0.6753 0.2626 0.0000],
   [0.0000 0.0000 0.0000 0.0375 0.4127 0.9004 1.3881 1.9509 2.3636 2.4762 2.2886 2.1760 1.9509 1.7633 1.2006 1.0505 0.7128 0.1501 0.0000 0.0000 0.1126 0.2626 0.1876 0.0750],
   [0.0000 0.0000 0.0000 0.0000 0.0000 0.1126 0.4502 1.0505 1.4632 1.5007 1.3131 1.0880 0.7503 0.5252 0.3752 0.4502 0.2251 0.0000 0.0000 0.0000 0.0000 0.1126 0.1126 0.0375],
   [0.0000 0.0000 0.0000 0.0000 0.0000 0.0000 0.0000 0.0000 0.6753 1.0130 0.9755 0.9004 0.3752 0.0000 0.0000 0.2251 0.2251 0.0375 0.0000 0.0000 0.0000 0.0375 0.0375 0.0000],
   [0.0000 0.0000 0.0000 0.0000 0.0000 0.0000 0.0000 0.0000 0.0000 0.5628 1.0505 1.1255 0.6378 0.0000 0.0000 0.0375 0.2626 0.1126 0.0000 0.0000 0.0000 0.0000 0.0000 0.0000],
   [0.0000 0.0000 0.0000 0.0000 0.0000 0.0000 0.0000 0.0000 0.0000 0.3001 1.1630 1.6508 1.4632 0.8629 0.2626 0.0750 0.1126 0.1126 0.0000 0.0000 0.0000 0.0000 0.0000 0.0000],
   [0.0000 0.0000 0.0000 0.0000 0.0000 0.0000 0.0000 0.0000 0.0000 0.0000 0.8629 1.7633 1.9884 1.5757 1.1255 0.6753 0.3752 0.1126 0.0375 0.0000 0.0000 0.0000 0.0000 0.0000],
   [0.0000 0.0000 0.0000 0.0000 0.0000 0.0000 0.0000 0.0000 0.0000 0.0000 0.1126 1.3131 2.0259 2.0635 1.7633 1.3881 0.8629 0.4127 0.1501 0.0375 0.0000 0.0000 0.0000 0.0000],
   [0.0000 0.0000 0.0000 0.0000 0.0000 0.0000 0.0000 0.0000 0.0000 0.0000 0.0000 0.1501 1.2381 1.9134 2.1385 1.8759 1.3881 0.9379 0.4502 0.1501 0.0000 0.0000 0.0000 0.0000],
   [0.0000 0.0000 0.0000 0.0000 0.0000 0.0000 0.0000 0.0000 0.0000 0.0000 0.0000 0.0000 0.0000 0.9755 1.8008 2.2510 1.9509 1.4632 0.8629 0.3377 0.0375 0.0000 0.0000 0.0000],
   [0.0000 0.0000 0.0000 0.0000 0.0000 0.0000 0.0000 0.0000 0.0000 0.0000 0.0000 0.0000 0.0000 0.1876 1.3131 2.2510 2.4011 1.8759 1.0880 0.4502 0.0375 0.0000 0.0000 0.0000],
   [0.0000 0.0000 0.0000 0.0000 0.0000 0.0000 0.0000 0.0000 0.0375 0.1501 0.3377 0.4877 0.5628 0.7503 1.2006 1.9134 2.2510 2.1010 1.2756 0.4502 0.0375 0.0000 0.0000 0.0000],
   [0.0000 0.0000 0.0000 0.0000 0.0000 0.0000 0.0375 0.1126 0.3377 0.6753 1.0880 1.5757 1.9134 1.8008 1.5007 1.4632 1.6132 1.5007 1.0130 0.3377 0.0000 0.0000 0.0000 0.0000],
   [0.0000 0.0000 0.0000 0.0000 0.0000 0.0750 0.2626 0.5628 1.0130 1.5007 1.9509 2.1760 2.2510 1.9509 1.5007 0.9379 0.7879 0.8254 0.6003 0.2626 0.0375 0.0000 0.0000 0.0000],
   [0.0000 0.0000 0.0000 0.1501 0.3752 0.6378 1.0130 1.5007 1.8759 2.1010 2.1010 1.9509 1.6508 1.0880 0.5252 0.1876 0.3001 0.4502 0.3001 0.0750 0.0000 0.0000 0.0000 0.0000],
   [0.0375 0.1876 0.4127 0.7503 1.1630 1.5757 1.9509 2.1760 2.1385 1.9509 1.6508 1.1255 0.5252 0.1501 0.0375 0.0000 0.0000 0.0000 0.1501 0.1126 0.0000 0.0000 0.0000 0.0000],
   [0.1501 0.5252 0.9379 1.4632 1.9509 2.2135 2.1760 1.9509 1.6132 1.1630 0.6003 0.1876 0.0375 0.0000 0.0000 0.0000 0.0750 0.1126 0.0375 0.0000 0.0000 0.0000 0.0000 0.0000],
   [0.1501 0.4502 0.8254 1.0880 1.2381 1.3131 1.2381 0.8629 0.4502 0.1876 0.1126 0.0375 0.0000 0.0000 0.0750 0.1126 0.0375 0.0000 0.0000 0.0000 0.0000 0.0000 0.0000 0.0000],
   [0.0375 0.0375 0.1126 0.2251 0.3377 0.1876 0.0375 0.0000 0.0000 0.0000 0.0000 0.0000 0.0375 0.1126 0.0375 0.0000 0.0000 0.0000 0.0000 0.0000 0.0000 0.0000 0.0000 0.0000],
   [0.0000 0.0000 0.0000 0.0000 0.0000 0.0000 0.0000 0.0000 0.0000 0.0000 0.0000 0.1501 0.0750 0.0000 0.0000 0.0000 0.0000 0.0000 0.0000 0.0000 0.0000 0.0000 0.0000 0.0000]],

  [[0.0000 0.0000 0.0000 0.0000 0.0000 0.0000 0.0000 0.0000 0.0000 0.0000 0.0000 0.0000 0.0000 0.0000 0.0000 0.0000 0.0000 0.0000 0.0000 0.0000 0.0000 0.0000 0.0000 0.0000],
   [0.0000 0.0000 0.0000 0.0000 0.0000 0.0000 0.0000 0.0000 0.0000 0.0000 0.0000 0.0000 0.0000 0.0000 0.0000 0.0000 0.0000 0.0000 0.0000 0.0000 0.1126 0.3377 0.2626 0.0750],
   [0.0000 0.0000 0.0000 0.0000 0.0000 0.0000 0.0000 0.0000 0.0000 0.0000 0.0000 0.0000 0.0000 0.0000 0.0000 0.0375 0.1126 0.0000 0.0000 0.1126 0.7503 0.8629 0.5252 0.1501],
   [0.0000 0.0000 0.0000 0.0000 0.0000 0.0000 0.0000 0.0000 0.0000 0.0000 0.0000 0.0000 0.1876 0.4127 0.7128 0.9379 1.0880 0.9755 1.0505 1.2381 1.3881 1.0880 0.6003 0.1876],
   [0.0000 0.0000 0.0000 0.0000 0.0000 0.0000 0.0000 0.0375 0.5252 0.7503 1.0130 1.2381 1.4257 1.5382 1.9509 2.2510 2.4011 2.1385 1.9134 1.7633 1.5757 1.1255 0.6003 0.1876],
   [0.0000 0.0000 0.0000 0.0375 0.0000 0.0000 0.4127 0.9755 1.5382 1.7633 2.3636 2.8513 2.9639 2.7388 2.8138 2.8888 2.8888 2.5512 2.1010 1.8008 1.5757 1.1255 0.6003 0.1876],
   [0.0000 0.0000 0.0000 0.0750 0.4127 0.7879 1.3881 1.9134 2.2510 2.6637 3.4516 4.0894 3.8643 3.3766 2.8513 2.6637 2.3636 1.9134 1.3131 1.0880 0.8254 0.5252 0.2626 0.0750],
   [0.0000 0.0000 0.0000 0.0750 0.5628 1.1255 1.6883 2.1385 2.3261 2.6262 3.1515 3.4891 3.2640 2.7388 1.9884 1.6132 1.3131 0.8629 0.3001 0.2251 0.1501 0.0750 0.0375 0.0000],
   [0.0000 0.0000 0.0000 0.0000 0.3001 0.6753 1.0130 1.4632 1.7633 1.8759 2.1385 2.6637 2.5137 1.8759 1.0130 0.7879 0.6378 0.3752 0.0000 0.0000 0.0000 0.0000 0.0000 0.0000],
   [0.0000 0.0000 0.0000 0.0000 0.0750 0.2251 0.3377 0.8254 1.2756 1.2756 1.2381 1.5757 1.5382 1.0880 0.4877 0.3752 0.2626 0.1501 0.0000 0.0000 0.0000 0.0000 0.0000 0.0000],
   [0.0000 0.0000 0.0000 0.0000 0.0000 0.0000 0.0000 0.3001 0.9004 1.0880 0.8254 0.9379 0.9379 0.8629 0.6378 0.5628 0.3377 0.1126 0.0000 0.0000 0.0000 0.0000 0.0000 0.0000],
   [0.0000 0.0000 0.0000 0.0000 0.0000 0.0000 0.0000 0.1501 0.5628 1.1255 1.1630 1.0880 1.0505 0.8629 0.8254 0.8629 0.7503 0.4127 0.1501 0.0000 0.0000 0.0000 0.0000 0.0000],
   [0.0000 0.0000 0.0000 0.0000 0.0000 0.0000 0.0000 0.0000 0.2251 0.7503 1.1630 1.3881 1.5007 1.3131 0.9755 0.9004 1.0505 0.8254 0.4877 0.1501 0.0000 0.0000 0.0000 0.0000],
   [0.0000 0.0000 0.0000 0.0000 0.0000 0.0000 0.0000 0.0000 0.0375 0.3377 0.7879 1.3131 1.8008 1.6883 1.3131 1.0505 1.3131 1.3506 0.9379 0.4127 0.0375 0.0000 0.0000 0.0000],
   [0.0000 0.0000 0.0000 0.0000 0.0000 0.0000 0.0000 0.0000 0.0000 0.0750 0.3001 0.6003 0.9755 1.2006 1.3881 1.6508 1.9509 2.0635 1.4257 0.6003 0.0750 0.0000 0.0000 0.0000],
   [0.0000 0.0000 0.0000 0.0000 0.0000 0.0000 0.0000 0.0000 0.0000 0.0000 0.0000 0.0000 0.0000 0.7503 1.5382 2.2135 2.6637 2.7013 1.8008 0.7879 0.0750 0.0000 0.0000 0.0000],
   [0.0000 0.0000 0.0000 0.0000 0.0000 0.0000 0.0000 0.0000 0.0000 0.0000 0.0000 0.0000 0.1876 1.1255 2.1010 2.9264 3.1139 2.8138 1.7633 0.7879 0.0750 0.0000 0.0000 0.0000],
   [0.0000 0.0000 0.0000 0.0000 0.0000 0.0000 0.0000 0.0000 0.0000 0.0000 0.1501 0.7503 1.4257 2.3636 3.1515 3.4516 2.9264 2.2510 1.3881 0.6378 0.0750 0.0000 0.0000 0.0000],
   [0.0000 0.0000 0.0000 0.0000 0.0000 0.0000 0.0000 0.0000 0.0375 0.6753 1.4632 2.3261 3.0389 3.4516 3.3766 2.9639 2.2135 1.5382 0.8629 0.3377 0.0000 0.0000 0.0000 0.0000],
   [0.0000 0.0000 0.0000 0.0000 0.0000 0.0000 0.0750 0.6378 1.2756 2.1385 3.0764 3.5266 3.4516 3.1139 2.6262 2.0635 1.3881 0.8629 0.4502 0.1501 0.0000 0.0000 0.0000 0.0000],
   [0.0000 0.0000 0.0000 0.0000 0.1876 0.8254 1.4257 2.1385 2.7388 3.3766 3.4891 3.1515 2.6637 2.0635 1.5007 0.9755 0.5628 0.2626 0.0750 0.0000 0.0000 0.0000 0.0000 0.0000],
   [0.0000 0.0000 0.1501 0.7879 1.5007 2.1385 2.6637 3.1139 3.3015 3.0764 2.7388 2.1760 1.5382 0.9755 0.5628 0.2626 0.0750 0.0000 0.0000 0.0000 0.0000 0.0000 0.0000 0.0000],
   [0.1876 0.5628 1.0130 1.6132 2.2510 2.6262 2.8513 2.8513 2.5887 2.1385 1.6508 1.0880 0.6003 0.2626 0.0750 0.0000 0.0000 0.0000 0.0000 0.0000 0.0000 0.0000 0.0000 0.0000],
   [0.1876 0.5628 0.9755 1.4632 1.8759 2.0635 2.0259 1.8008 1.4632 1.0505 0.7128 0.3752 0.1126 0.0000 0.0000 0.0000 0.0000 0.0000 0.0000 0.0000 0.0000 0.0000 0.0000 0.0000]],

  [[0.0000 0.0000 0.0000 0.0000 0.0000 0.0000 0.0000 0.0000 0.0000 0.0000 0.0000 0.0000 0.0000 0.0000 0.0000 0.0000 0.0000 0.0000 0.0000 0.0000 0.0000 0.0000 0.0000 0.0000],
   [0.0000 0.0000 0.0000 0.0000 0.0000 0.0000 0.0000 0.0000 0.0000 0.0000 0.0375 0.0375 0.1501 0.3001 0.4502 0.4502 0.5628 0.6753 0.7879 0.7503 0.7128 0.5628 0.3377 0.1126],
   [0.0000 0.0000 0.0000 0.0000 0.0375 0.0750 0.1501 0.3001 0.4502 0.6753 0.8629 1.0505 1.2381 1.4257 1.5757 1.5007 1.6132 1.7258 1.8008 1.6132 1.4257 1.0505 0.5628 0.1876],
   [0.0000 0.0000 0.0000 0.0375 0.3001 0.5628 0.8629 1.2381 1.5757 1.8384 2.0259 2.2135 2.4011 2.5887 2.5512 2.3261 2.3261 2.2510 2.1010 1.8384 1.5757 1.1255 0.6003 0.1876],
   [0.0000 0.0000 0.0000 0.0750 0.4877 1.0130 1.5382 2.1385 2.7013 2.9639 3.1515 3.2265 3.4516 3.6017 3.3391 2.9264 2.6637 2.3636 1.9884 1.8008 1.4632 0.9379 0.4502 0.0750],
   [0.0000 0.0000 0.0000 0.0750 0.5628 1.2006 1.8759 2.7013 3.4516 3.8268 3.8268 3.7517 3.7517 3.7142 3.1139 2.6637 2.4011 2.1010 1.3881 1.2381 0.8254 0.4877 0.1501 0.0000],
   [0.0000 0.0000 0.0000 0.0750 0.5628 1.2006 1.8008 2.7013 3.4516 3.7893 3.6392 3.4891 3.1890 2.8513 2.1760 1.7633 1.5007 1.0505 0.5252 0.4127 0.2251 0.1126 0.0000 0.0000],
   [0.0000 0.0000 0.0000 0.0750 0.5252 0.9755 1.3131 2.1385 2.8888 3.2640 3.0389 2.8888 2.4386 1.8759 1.0880 0.8629 0.6378 0.2626 0.0750 0.0375 0.0000 0.0000 0.0000 0.0000],
   [0.0000 0.0000 0.0000 0.0000 0.2626 0.5252 0.6003 1.2756 2.0259 2.5887 2.4762 2.2510 1.8384 1.1255 0.3752 0.3001 0.2626 0.0000 0.0000 0.0000 0.0000 0.0000 0.0000 0.0000],
   [0.0000 0.0000 0.0000 0.0000 0.0750 0.1876 0.1501 0.6003 1.3506 1.9134 2.1385 2.0635 1.8384 1.2381 0.5628 0.2626 0.2251 0.0000 0.0000 0.0000 0.0000 0.0000 0.0000 0.0000],
   [0.0000 0.0000 0.0000 0.0000 0.0000 0.0000 0.0000 0.2626 0.8629 1.3881 1.8759 2.1760 2.1385 1.8384 1.3131 0.8254 0.4502 0.1126 0.0375 0.0000 0.0000 0.0000 0.0000 0.0000],
   [0.0000 0.0000 0.0000 0.0000 0.0000 0.0000 0.0000 0.1126 0.4877 0.9755 1.3881 1.9509 2.2886 2.2510 2.1010 1.6132 1.0880 0.5252 0.1876 0.0375 0.0000 0.0000 0.0000 0.0000],
   [0.0000 0.0000 0.0000 0.0000 0.0000 0.0000 0.0000 0.0000 0.1876 0.6003 0.9004 1.5007 2.1010 2.3636 2.4386 2.2510 1.7258 1.1630 0.6003 0.1876 0.0000 0.0000 0.0000 0.0000],
   [0.0000 0.0000 0.0000 0.0000 0.0000 0.0000 0.0000 0.0000 0.0375 0.3001 0.6003 0.9379 1.5757 2.1385 2.5137 2.6637 2.2510 1.8008 1.0880 0.4877 0.0750 0.0000 0.0000 0.0000],
   [0.0000 0.0000 0.0000 0.0000 0.0000 0.0000 0.0000 0.0000 0.0000 0.0750 0.3001 0.6753 1.2006 2.1010 2.7388 3.1139 2.7388 2.2135 1.3881 0.6378 0.0750 0.0000 0.0000 0.0000],
   [0.0000 0.0000 0.0000 0.0000 0.0000 0.0000 0.0000 0.0000 0.0375 0.1501 0.4502 0.9755 1.5382 2.4386 3.2640 3.6017 3.1890 2.5137 1.5382 0.6753 0.0750 0.0000 0.0000 0.0000],
   [0.0000 0.0000 0.0000 0.0000 0.0000 0.0000 0.0375 0.1126 0.3752 0.7128 1.2006 1.7633 2.3636 3.1890 3.6017 3.7142 3.1139 2.2135 1.3131 0.4127 0.0000 0.0000 0.0000 0.0000],
   [0.0000 0.0000 0.0000 0.0000 0.0375 0.0750 0.3001 0.6378 1.0880 1.6883 2.3261 2.8888 3.2265 3.6392 3.6017 3.1515 2.4011 1.4632 0.8254 0.1876 0.0000 0.0000 0.0000 0.0000],
   [0.0000 0.0000 0.0000 0.1876 0.3752 0.6753 1.1255 1.6883 2.2135 2.7763 3.2640 3.5642 3.5642 3.3015 2.8513 2.2135 1.4257 0.7879 0.3752 0.0000 0.0000 0.0000 0.0000 0.0000],
   [0.0375 0.2251 0.4127 0.8254 1.2756 1.7258 2.2510 2.8138 3.2640 3.5642 3.6392 3.3766 2.9264 2.3261 1.7258 1.1255 0.5252 0.2251 0.0750 0.0000 0.0000 0.0000 0.0000 0.0000],
   [0.1876 0.5628 1.0130 1.6508 2.2886 2.7388 3.1515 3.4891 3.5642 3.3766 2.9639 2.4011 1.8008 1.1630 0.6003 0.2251 0.0750 0.0000 0.0000 0.0000 0.0000 0.0000 0.0000 0.0000],
   [0.1876 0.5628 1.0130 1.6508 2.2886 2.7388 3.0389 3.0389 2.7763 2.4011 1.8759 1.2381 0.6753 0.2626 0.0750 0.0000 0.0000 0.0000 0.0000 0.0000 0.0000 0.0000 0.0000 0.0000],
   [0.1876 0.5628 1.0130 1.6132 2.1010 2.2135 2.2510 2.0259 1.6883 1.2381 0.7503 0.3377 0.1126 0.0000 0.0000 0.0000 0.0000 0.0000 0.0000 0.0000 0.0000 0.0000 0.0000 0.0000],
   [0.1876 0.5252 0.8254 1.1255 1.3131 1.2006 1.1255 0.8629 0.5628 0.3001 0.1501 0.0375 0.0000 0.0000 0.0000 0.0000 0.0000 0.0000 0.0000 0.0000 0.0000 0.0000 0.0000 0.0000]],

  [[0.0000 0.0000 0.0000 0.0000 0.0000 0.0000 0.0000 0.0000 0.0000 0.0000 0.0000 0.0000 0.0000 0.0000 0.0000 0.0000 0.0000 0.0000 0.0000 0.0000 0.0000 0.0000 0.0000 0.0000],
   [0.0000 0.0000 0.0000 0.0000 0.0000 0.0000 0.0000 0.0000 0.0000 0.0000 0.0000 0.0000 0.0000 0.0000 0.0000 0.0000 0.0000 0.0000 0.0000 0.0000 0.0000 0.0000 0.0000 0.0000],
   [0.0000 0.0000 0.0000 0.0000 0.0000 0.0000 0.0000 0.0000 0.0000 0.0000 0.0000 0.0000 0.0000 0.0000 0.0000 0.0000 0.0000 0.0000 0.0750 0.1126 0.1876 0.1876 0.1126 0.0375],
   [0.0000 0.0000 0.0000 0.0000 0.0000 0.0000 0.0000 0.0000 0.0000 0.0000 0.1126 0.2251 0.3752 0.5252 0.6003 0.7128 0.8254 0.9755 1.1630 1.0880 1.0505 0.7879 0.4502 0.1501],
   [0.0000 0.0000 0.0000 0.0000 0.1501 0.2251 0.3377 0.5628 0.6753 0.7879 0.9379 1.0880 1.1255 1.0880 0.9755 0.9755 0.9379 0.6753 0.7503 0.5628 0.5628 0.4502 0.2626 0.1126],
   [0.0000 0.0000 0.0000 0.0375 0.2251 0.5252 0.7503 1.0505 1.2006 1.0130 0.9379 0.9004 0.9004 0.9755 0.7503 0.4877 0.1501 0.0000 0.0000 0.0000 0.0000 0.0000 0.0000 0.0000],
   [0.0000 0.0000 0.0000 0.0000 0.0000 0.0750 0.3001 0.4502 0.7128 0.6003 0.4127 0.1501 0.0000 0.0000 0.0000 0.0000 0.0000 0.0000 0.0000 0.0000 0.0000 0.0000 0.0000 0.0000],
   [0.0000 0.0000 0.0000 0.0000 0.0000 0.0000 0.0000 0.0000 0.0000 0.0000 0.0000 0.0000 0.0000 0.0000 0.0000 0.0000 0.0000 0.0000 0.0000 0.0000 0.0000 0.0000 0.0000 0.0000],
   [0.0000 0.0000 0.0000 0.0000 0.0000 0.0000 0.0000 0.0000 0.0000 0.0000 0.0000 0.0000 0.0000 0.0000 0.0000 0.0000 0.0000 0.0000 0.0000 0.0000 0.0000 0.0000 0.0000 0.0000],
   [0.0000 0.0000 0.0000 0.0000 0.0000 0.0000 0.0000 0.0000 0.0000 0.0000 0.0000 0.0000 0.1501 0.0000 0.0000 0.0000 0.0000 0.0000 0.0000 0.0000 0.0000 0.0000 0.0000 0.0000],
   [0.0000 0.0000 0.0000 0.0000 0.0000 0.0000 0.0000 0.0000 0.0000 0.0000 0.0750 0.1876 0.3752 0.4127 0.0000 0.0000 0.0000 0.0000 0.0000 0.0000 0.0000 0.0000 0.0000 0.0000],
   [0.0000 0.0000 0.0000 0.0000 0.0000 0.0000 0.0000 0.0000 0.0000 0.0000 0.0000 0.1876 0.5628 0.9004 0.7128 0.2626 0.0375 0.0000 0.0000 0.0000 0.0000 0.0000 0.0000 0.0000],
   [0.0000 0.0000 0.0000 0.0000 0.0000 0.0000 0.0000 0.0000 0.0000 0.0000 0.0000 0.0000 0.1126 0.7503 1.0505 0.8254 0.4877 0.0750 0.0000 0.0000 0.0000 0.0000 0.0000 0.0000],
   [0.0000 0.0000 0.0000 0.0000 0.0000 0.0000 0.0000 0.0000 0.0000 0.0000 0.0000 0.0000 0.0000 0.0000 0.3752 0.6753 0.7128 0.4502 0.1876 0.0000 0.0000 0.0000 0.0000 0.0000],
   [0.0000 0.0000 0.0000 0.0000 0.0000 0.0000 0.0000 0.0000 0.0000 0.0000 0.0000 0.0000 0.0000 0.0000 0.0000 0.0000 0.3752 0.6753 0.5252 0.2251 0.0375 0.0000 0.0000 0.0000],
   [0.0000 0.0000 0.0000 0.0000 0.0000 0.0000 0.0000 0.0000 0.0000 0.0000 0.0000 0.0000 0.0000 0.0000 0.0000 0.0000 0.0375 0.4502 0.4127 0.3377 0.0375 0.0000 0.0000 0.0000],
   [0.0000 0.0000 0.0000 0.0000 0.0000 0.0000 0.0000 0.0000 0.0000 0.0000 0.0000 0.1126 0.3001 0.3377 0.3001 0.3752 0.1876 0.2626 0.2626 0.2251 0.0375 0.0000 0.0000 0.0000],
   [0.0000 0.0000 0.0000 0.0000 0.0000 0.0000 0.0000 0.0000 0.0000 0.1126 0.2626 0.5252 0.7503 0.8254 0.7503 0.5628 0.3377 0.1126 0.0000 0.0000 0.0000 0.0000 0.0000 0.0000],
   [0.0000 0.0000 0.0000 0.0000 0.0000 0.0000 0.0000 0.0000 0.1876 0.4127 0.6378 0.7879 0.7879 0.6003 0.2626 0.0000 0.0000 0.0000 0.0000 0.0000 0.0000 0.0000 0.0000 0.0000],
   [0.0000 0.0000 0.0000 0.0000 0.0000 0.0000 0.2251 0.4877 0.6003 0.7128 0.7128 0.4877 0.1876 0.0000 0.0000 0.0000 0.0000 0.0000 0.0000 0.0000 0.0000 0.0000 0.0000 0.0000],
   [0.0375 0.0375 0.0750 0.2251 0.4127 0.6378 0.8254 0.8629 0.9004 0.6753 0.3001 0.0000 0.0000 0.0000 0.0000 0.0000 0.0000 0.0000 0.0000 0.0000 0.0000 0.0000 0.0000 0.0000],
   [0.0750 0.3001 0.6378 0.9004 1.1255 1.2381 1.0130 0.8254 0.4127 0.0000 0.0000 0.0000 0.0000 0.0000 0.0000 0.0000 0.0000 0.0000 0.0000 0.0000 0.0000 0.0000 0.0000 0.0000],
   [0.0375 0.0750 0.1501 0.2251 0.2251 0.1126 0.0000 0.0000 0.0000 0.0000 0.0000 0.0000 0.0000 0.0000 0.0000 0.0000 0.0000 0.0000 0.0000 0.0000 0.0000 0.0000 0.0000 0.0000],
   [0.0000 0.0000 0.0000 0.0000 0.0000 0.0000 0.0000 0.0000 0.0000 0.0000 0.0000 0.0000 0.0000 0.0000 0.0000 0.0000 0.0000 0.0000 0.0000 0.0000 0.0000 0.0000 0.0000 0.0000]],

  [[0.0000 0.0000 0.0000 0.0000 0.0000 0.0000 0.0000 0.0000 0.0000 0.0000 0.0000 0.0000 0.0000 0.0000 0.0000 0.0000 0.0000 0.0000 0.0000 0.0000 0.0000 0.0000 0.0000 0.0000],
   [0.0000 0.0000 0.0000 0.0000 0.0000 0.0000 0.0000 0.0000 0.0000 0.0000 0.0375 0.0375 0.1126 0.1876 0.3001 0.3752 0.4502 0.5252 0.6003 0.6003 0.6378 0.5252 0.3001 0.1126],
   [0.0000 0.0000 0.0000 0.0000 0.0000 0.0375 0.0750 0.1876 0.3377 0.4877 0.6753 0.8254 0.9755 1.1255 1.2006 1.2381 1.1255 1.1630 1.1630 1.3131 1.0130 0.5628 0.1501 0.0000],
   [0.0000 0.0000 0.0000 0.0000 0.1501 0.3752 0.6378 0.9379 1.2006 1.3506 1.4632 1.5007 1.5007 1.5007 1.4632 1.5382 1.1255 0.8629 0.7503 1.0505 0.7503 0.2251 0.0000 0.0000],
   [0.0000 0.0000 0.0000 0.0375 0.2251 0.6378 1.0130 1.3881 1.5382 1.5757 1.6132 1.6132 1.5757 1.5757 1.5007 1.2756 0.6003 0.1876 0.3752 0.6753 0.2626 0.0000 0.0000 0.0000],
   [0.0000 0.0000 0.0000 0.0000 0.0000 0.4502 0.9379 1.4257 1.4257 1.5007 1.4632 1.3506 1.1255 0.9755 1.0505 0.7503 0.1126 0.0000 0.3001 0.3752 0.0000 0.0000 0.0000 0.0000],
   [0.0000 0.0000 0.0000 0.0000 0.0000 0.2251 0.7128 1.0505 1.0505 1.2006 1.2756 0.9379 0.4877 0.1501 0.5628 0.3377 0.0000 0.0000 0.0750 0.0000 0.0000 0.0000 0.0000 0.0000],
   [0.0000 0.0000 0.0000 0.0000 0.0000 0.3001 0.6753 0.6003 0.6378 0.9379 1.3506 0.8254 0.1126 0.0000 0.2626 0.0000 0.0000 0.0000 0.0000 0.0000 0.0000 0.0000 0.0000 0.0000],
   [0.0000 0.0000 0.0000 0.0000 0.0375 0.2626 0.4877 0.2626 0.3377 1.0505 1.4632 0.6753 0.0000 0.0000 0.2251 0.0000 0.0000 0.0000 0.0000 0.0000 0.0000 0.0000 0.0000 0.0000],
   [0.0000 0.0000 0.0000 0.0000 0.0375 0.1126 0.1876 0.0000 0.1876 0.9755 1.4257 0.7128 0.1501 0.1876 0.4877 0.2626 0.0000 0.0000 0.0000 0.0000 0.0000 0.0000 0.0000 0.0000],
   [0.0000 0.0000 0.0000 0.0000 0.0000 0.0000 0.0000 0.0000 0.0750 0.6003 1.1255 0.9379 0.6753 0.6003 0.7503 0.5252 0.2626 0.1126 0.0375 0.0000 0.0000 0.0000 0.0000 0.0000],
   [0.0000 0.0000 0.0000 0.0000 0.0000 0.0000 0.0000 0.0375 0.0750 0.2251 0.7128 0.7128 0.7128 0.9004 1.0130 0.8254 0.4127 0.3001 0.1126 0.0375 0.0000 0.0000 0.0000 0.0000],
   [0.0000 0.0000 0.0000 0.0000 0.0000 0.0000 0.0000 0.0000 0.0750 0.0750 0.2626 0.4877 0.4502 0.7879 1.0505 0.9379 0.6378 0.4877 0.2626 0.1501 0.0000 0.0000 0.0000 0.0000],
   [0.0000 0.0000 0.0000 0.0000 0.0000 0.0000 0.0000 0.0000 0.0000 0.0750 0.1876 0.3377 0.3752 0.4502 0.8254 1.0130 0.9379 0.6753 0.3377 0.1126 0.0375 0.0000 0.0000 0.0000],
   [0.0000 0.0000 0.0000 0.0000 0.0000 0.0000 0.0000 0.0000 0.0000 0.0375 0.1501 0.3377 0.5628 0.7503 1.0505 1.3506 1.3881 0.6753 0.2626 0.0000 0.0000 0.0000 0.0000 0.0000],
   [0.0000 0.0000 0.0000 0.0000 0.0000 0.0000 0.0000 0.0000 0.0000 0.0750 0.2626 0.6378 1.0880 1.3131 1.8008 1.8384 1.6508 0.5628 0.0000 0.0000 0.0000 0.0000 0.0000 0.0000],
   [0.0000 0.0000 0.0000 0.0000 0.0000 0.0000 0.0000 0.0750 0.2251 0.4877 0.8254 1.1630 1.5382 1.6508 1.9884 2.0259 1.5382 0.2626 0.0000 0.0000 0.0000 0.0000 0.0000 0.0000],
   [0.0000 0.0000 0.0000 0.0000 0.0000 0.0375 0.1501 0.4127 0.7503 1.0505 1.3881 1.6132 1.6883 1.6132 1.5007 1.2006 0.7503 0.0000 0.0000 0.0000 0.0000 0.0000 0.0000 0.0000],
   [0.0000 0.0000 0.0000 0.0750 0.2626 0.4877 0.7879 1.1255 1.3131 1.5757 1.6883 1.6883 1.4257 1.0130 0.6378 0.3377 0.0000 0.0000 0.0000 0.0000 0.0000 0.0000 0.0000 0.0000],
   [0.0375 0.1126 0.2626 0.5628 0.9004 1.2381 1.4257 1.5007 1.6508 1.7633 1.5757 1.1630 0.7128 0.3001 0.0375 0.0000 0.0000 0.0000 0.0000 0.0000 0.0000 0.0000 0.0000 0.0000],
   [0.0750 0.3377 0.7128 0.9755 1.3506 1.5382 1.5757 1.5382 1.5007 1.2006 0.8254 0.3377 0.0375 0.0000 0.0000 0.0000 0.0000 0.0000 0.0000 0.0000 0.0000 0.0000 0.0000 0.0000],
   [0.0375 0.1126 0.4127 0.7128 0.9379 0.9004 0.8629 0.7128 0.6378 0.5252 0.1126 0.0000 0.0000 0.0000 0.0000 0.0000 0.0000 0.0000 0.0000 0.0000 0.0000 0.0000 0.0000 0.0000],
   [0.0000 0.0000 0.1501 0.5252 0.6378 0.5628 0.4127 0.2626 0.1501 0.0000 0.0000 0.0000 0.0000 0.0000 0.0000 0.0000 0.0000 0.0000 0.0000 0.0000 0.0000 0.0000 0.0000 0.0000],
   [0.0000 0.0750 0.4502 0.5252 0.3377 0.1126 0.0000 0.0000 0.0000 0.0000 0.0000 0.0000 0.0000 0.0000 0.0000 0.0000 0.0000 0.0000 0.0000 0.0000 0.0000 0.0000 0.0000 0.0000]],

  [[0.0000 0.0000 0.0000 0.0000 0.0000 0.0000 0.0000 0.0000 0.0000 0.0000 0.0000 0.0000 0.0000 0.0000 0.0000 0.0000 0.0000 0.0000 0.0000 0.0000 0.0000 0.0000 0.0000 0.0000],
   [0.0000 0.0000 0.0000 0.0000 0.0000 0.0000 0.0000 0.0000 0.0000 0.0000 0.0000 0.0000 0.0375 0.1126 0.1126 0.0000 0.0000 0.0000 0.1126 0.0000 0.0000 0.0000 0.0000 0.0000],
   [0.0000 0.0000 0.0000 0.0000 0.0000 0.0375 0.0375 0.0750 0.1126 0.0750 0.0375 0.0000 0.0000 0.0000 0.0000 0.0000 0.0000 0.0000 0.0000 0.0000 0.0000 0.0000 0.0000 0.0000],
   [0.0000 0.0000 0.0000 0.0000 0.1501 0.2251 0.1876 0.0000 0.0000 0.0000 0.0000 0.0000 0.0000 0.0000 0.0000 0.0000 0.0000 0.0000 0.0000 0.0000 0.0000 0.0000 0.0000 0.0000],
   [0.0000 0.0000 0.0000 0.0375 0.2626 0.2251 0.0375 0.0000 0.0000 0.0000 0.0000 0.0000 0.0000 0.0000 0.0000 0.0000 0.0000 0.0000 0.3001 0.1876 0.1876 0.1501 0.0750 0.0375],
   [0.0000 0.0000 0.0000 0.0375 0.4127 0.2626 0.1126 0.0000 0.0000 0.0000 0.0000 0.0000 0.1501 0.5628 0.4877 0.5252 0.7503 1.0130 1.5007 1.3131 1.1630 0.8629 0.4877 0.1501],
   [0.0000 0.0000 0.0000 0.0375 0.5252 0.6753 0.7503 1.0880 1.2006 1.1255 0.8254 0.8629 1.3506 1.7258 1.3881 1.3131 1.2006 1.0880 1.2006 0.9755 0.7879 0.4877 0.2626 0.0375],
   [0.0000 0.0000 0.0000 0.0375 0.5252 0.9755 1.2756 1.9509 2.2510 1.8759 1.3881 1.0505 1.1630 1.7258 1.5382 1.2756 0.9379 0.5252 0.3001 0.2251 0.1501 0.0750 0.0375 0.0000],
   [0.0000 0.0000 0.0000 0.0000 0.2626 0.6378 0.9004 1.5757 2.0259 1.8384 1.2756 0.7503 0.4877 0.8629 0.8629 0.7128 0.5628 0.3377 0.0000 0.0000 0.0000 0.0000 0.0000 0.0000],
   [0.0000 0.0000 0.0000 0.0000 0.0750 0.2251 0.3001 0.7879 1.3506 1.4257 0.8629 0.5628 0.0000 0.0000 0.0000 0.0000 0.1126 0.1126 0.0000 0.0000 0.0000 0.0000 0.0000 0.0000],
   [0.0000 0.0000 0.0000 0.0000 0.0000 0.0000 0.0000 0.2626 0.8629 1.2381 0.9004 0.7128 0.1876 0.0000 0.0000 0.0000 0.0000 0.0000 0.0000 0.0000 0.0000 0.0000 0.0000 0.0000],
   [0.0000 0.0000 0.0000 0.0000 0.0000 0.0000 0.0000 0.1126 0.5252 1.1255 1.1255 0.9379 0.6378 0.0000 0.0000 0.0000 0.0000 0.0000 0.0000 0.0000 0.0000 0.0000 0.0000 0.0000],
   [0.0000 0.0000 0.0000 0.0000 0.0000 0.0000 0.0000 0.0000 0.1876 0.6753 1.0505 1.2006 1.1255 0.6378 0.0000 0.0000 0.0000 0.0000 0.0000 0.0000 0.0000 0.0000 0.0000 0.0000],
   [0.0000 0.0000 0.0000 0.0000 0.0000 0.0000 0.0000 0.0000 0.0375 0.3001 0.7128 1.1630 1.5007 1.6508 1.1630 0.3001 0.0000 0.0000 0.0000 0.0000 0.0000 0.0000 0.0000 0.0000],
   [0.0000 0.0000 0.0000 0.0000 0.0000 0.0000 0.0000 0.0000 0.0000 0.0750 0.3377 0.7503 1.3131 1.9134 1.6132 0.9379 0.0000 0.0000 0.0000 0.0000 0.0000 0.0000 0.0000 0.0000],
   [0.0000 0.0000 0.0000 0.0000 0.0000 0.0000 0.0000 0.0000 0.0000 0.0750 0.2626 0.4502 0.5628 0.9755 0.9379 0.8629 0.1126 0.0000 0.0000 0.0000 0.0000 0.0000 0.0000 0.0000],
   [0.0000 0.0000 0.0000 0.0000 0.0000 0.0000 0.0000 0.0375 0.1876 0.3001 0.1876 0.0000 0.0000 0.0375 0.1876 0.2251 0.0000 0.3001 0.1876 0.0750 0.0375 0.0000 0.0000 0.0000],
   [0.0000 0.0000 0.0000 0.0000 0.0000 0.0375 0.1501 0.2626 0.2626 0.0000 0.0000 0.0000 0.0000 0.0000 0.0000 0.4502 0.6003 0.7503 0.4877 0.3001 0.0375 0.0000 0.0000 0.0000],
   [0.0000 0.0000 0.0000 0.0750 0.1876 0.2251 0.1876 0.0000 0.0000 0.0000 0.0000 0.0000 0.0000 0.4502 0.9755 1.2756 1.1630 0.9379 0.6753 0.3377 0.0000 0.0000 0.0000 0.0000],
   [0.0000 0.1126 0.1876 0.3001 0.0750 0.0000 0.0000 0.0000 0.0000 0.0000 0.0000 0.3752 0.9755 1.3881 1.5007 1.4257 1.1255 0.7879 0.4127 0.1501 0.0000 0.0000 0.0000 0.0000],
   [0.0750 0.2626 0.2626 0.0750 0.0000 0.0000 0.0000 0.0000 0.0000 0.2626 0.8629 1.2756 1.4632 1.4257 1.2381 0.8629 0.5252 0.2251 0.0750 0.0000 0.0000 0.0000 0.0000 0.0000],
   [0.1501 0.2251 0.0000 0.0000 0.0000 0.0000 0.3001 0.6378 0.9755 1.3131 1.4257 1.3881 1.1630 0.8629 0.5252 0.2251 0.0750 0.0000 0.0000 0.0000 0.0000 0.0000 0.0000 0.0000],
   [0.1501 0.3377 0.4502 0.7503 0.9379 1.2006 1.5007 1.6508 1.7258 1.5757 1.2381 0.9379 0.5628 0.2626 0.0750 0.0000 0.0000 0.0000 0.0000 0.0000 0.0000 0.0000 0.0000 0.0000],
   [0.1501 0.5252 0.9004 1.3131 1.6883 1.8384 1.8384 1.6508 1.3506 0.9755 0.6753 0.3377 0.1126 0.0000 0.0000 0.0000 0.0000 0.0000 0.0000 0.0000 0.0000 0.0000 0.0000 0.0000]]]]

Layer Name: pool1
Output: 
[[[[0.0000 0.0000 0.0000 0.0000 0.0000 0.0375 0.2626 0.4127 0.6378 0.7128 0.6753 0.3001],
   [0.0000 0.0375 0.5252 1.1255 1.6508 1.9509 2.2135 2.1760 1.9509 1.7258 1.3131 0.4502],
   [0.0000 0.0375 0.9004 1.9509 2.4762 2.6637 2.6637 2.2886 1.8008 0.8629 0.9004 0.2626],
   [0.0000 0.0000 0.1126 1.0505 1.5007 1.3131 0.7503 0.4502 0.2251 0.0000 0.1126 0.1126],
   [0.0000 0.0000 0.0000 0.0000 0.5628 1.6508 1.4632 0.2626 0.2626 0.0000 0.0000 0.0000],
   [0.0000 0.0000 0.0000 0.0000 0.0000 1.7633 2.0635 1.7633 0.8629 0.1501 0.0000 0.0000],
   [0.0000 0.0000 0.0000 0.0000 0.0000 0.1501 1.9134 2.2510 1.9509 0.8629 0.0375 0.0000],
   [0.0000 0.0000 0.0000 0.0000 0.1501 0.4877 0.7503 2.2510 2.4011 1.2756 0.0375 0.0000],
   [0.0000 0.0000 0.0750 0.5628 1.5007 2.1760 2.2510 1.5007 1.6132 1.0130 0.0375 0.0000],
   [0.1876 0.7503 1.5757 2.1760 2.1385 2.1010 1.6508 0.5252 0.4502 0.3001 0.0000 0.0000],
   [0.5252 1.4632 2.2135 2.1760 1.6132 0.6003 0.0375 0.1126 0.1126 0.0375 0.0000 0.0000],
   [0.0375 0.2251 0.3377 0.0375 0.0000 0.1501 0.1126 0.0375 0.0000 0.0000 0.0000 0.0000]],

  [[0.0000 0.0000 0.0000 0.0000 0.0000 0.0000 0.0000 0.0000 0.0000 0.0000 0.3377 0.2626],
   [0.0000 0.0000 0.0000 0.0000 0.0000 0.0000 0.4127 0.9379 1.0880 1.2381 1.3881 0.6003],
   [0.0000 0.0375 0.0000 0.9755 1.7633 2.8513 2.9639 2.8888 2.8888 2.1010 1.5757 0.6003],
   [0.0000 0.0750 1.1255 2.1385 2.6637 4.0894 3.8643 2.8513 2.3636 1.3131 0.8254 0.2626],
   [0.0000 0.0000 0.6753 1.4632 1.8759 2.6637 2.5137 1.0130 0.6378 0.0000 0.0000 0.0000],
   [0.0000 0.0000 0.0000 0.3001 1.1255 1.1630 1.0505 0.8629 0.7503 0.1501 0.0000 0.0000],
   [0.0000 0.0000 0.0000 0.0000 0.7503 1.3881 1.8008 1.3131 1.3506 0.9379 0.0375 0.0000],
   [0.0000 0.0000 0.0000 0.0000 0.0750 0.6003 1.2006 2.2135 2.7013 1.8008 0.0750 0.0000],
   [0.0000 0.0000 0.0000 0.0000 0.0000 0.7503 2.3636 3.4516 3.1139 1.7633 0.0750 0.0000],
   [0.0000 0.0000 0.0000 0.6378 2.1385 3.5266 3.4516 3.3766 2.2135 0.8629 0.0000 0.0000],
   [0.0000 0.7879 2.1385 3.1139 3.3766 3.4891 2.6637 1.5007 0.5628 0.0750 0.0000 0.0000],
   [0.5628 1.6132 2.6262 2.8513 2.5887 1.6508 0.6003 0.0750 0.0000 0.0000 0.0000 0.0000]],

  [[0.0000 0.0000 0.0000 0.0000 0.0000 0.0375 0.3001 0.4502 0.6753 0.7879 0.7128 0.3377],
   [0.0000 0.0375 0.5628 1.2381 1.8384 2.2135 2.5887 2.5512 2.3261 2.1010 1.5757 0.6003],
   [0.0000 0.0750 1.2006 2.7013 3.8268 3.8268 3.7517 3.3391 2.6637 1.9884 1.4632 0.4502],
   [0.0000 0.0750 1.2006 2.7013 3.7893 3.6392 3.1890 2.1760 1.5007 0.5252 0.2251 0.0000],
   [0.0000 0.0000 0.5252 1.2756 2.5887 2.4762 1.8384 0.5628 0.2626 0.0000 0.0000 0.0000],
   [0.0000 0.0000 0.0000 0.2626 1.3881 2.1760 2.2886 2.1010 1.0880 0.1876 0.0000 0.0000],
   [0.0000 0.0000 0.0000 0.0000 0.6003 1.5007 2.3636 2.6637 2.2510 1.0880 0.0750 0.0000],
   [0.0000 0.0000 0.0000 0.0000 0.1501 0.9755 2.4386 3.6017 3.1890 1.5382 0.0750 0.0000],
   [0.0000 0.0000 0.0750 0.6378 1.6883 2.8888 3.6392 3.7142 3.1139 1.3131 0.0000 0.0000],
   [0.2251 0.8254 1.7258 2.8138 3.5642 3.6392 3.5642 2.8513 1.4257 0.3752 0.0000 0.0000],
   [0.5628 1.6508 2.7388 3.4891 3.5642 2.9639 1.8008 0.6003 0.0750 0.0000 0.0000 0.0000],
   [0.5628 1.6132 2.2135 2.2510 1.6883 0.7503 0.1126 0.0000 0.0000 0.0000 0.0000 0.0000]],

  [[0.0000 0.0000 0.0000 0.0000 0.0000 0.0000 0.0000 0.0000 0.0000 0.0000 0.0000 0.0000],
   [0.0000 0.0000 0.0000 0.0000 0.0000 0.2251 0.5252 0.7128 0.9755 1.1630 1.0505 0.4502],
   [0.0000 0.0375 0.5252 1.0505 1.2006 1.0880 1.1255 0.9755 0.9379 0.7503 0.5628 0.2626],
   [0.0000 0.0000 0.0750 0.4502 0.7128 0.4127 0.0000 0.0000 0.0000 0.0000 0.0000 0.0000],
   [0.0000 0.0000 0.0000 0.0000 0.0000 0.0000 0.1501 0.0000 0.0000 0.0000 0.0000 0.0000],
   [0.0000 0.0000 0.0000 0.0000 0.0000 0.1876 0.9004 0.7128 0.0375 0.0000 0.0000 0.0000],
   [0.0000 0.0000 0.0000 0.0000 0.0000 0.0000 0.7503 1.0505 0.7128 0.1876 0.0000 0.0000],
   [0.0000 0.0000 0.0000 0.0000 0.0000 0.0000 0.0000 0.0000 0.6753 0.5252 0.0375 0.0000],
   [0.0000 0.0000 0.0000 0.0000 0.1126 0.5252 0.8254 0.7503 0.3377 0.2626 0.0375 0.0000],
   [0.0000 0.0000 0.0000 0.4877 0.7128 0.7879 0.7879 0.2626 0.0000 0.0000 0.0000 0.0000],
   [0.3001 0.9004 1.2381 1.0130 0.9004 0.3001 0.0000 0.0000 0.0000 0.0000 0.0000 0.0000],
   [0.0750 0.2251 0.2251 0.0000 0.0000 0.0000 0.0000 0.0000 0.0000 0.0000 0.0000 0.0000]],

  [[0.0000 0.0000 0.0000 0.0000 0.0000 0.0375 0.1876 0.3752 0.5252 0.6003 0.6378 0.3001],
   [0.0000 0.0000 0.3752 0.9379 1.3506 1.5007 1.5007 1.5382 1.1630 1.3131 1.0130 0.1501],
   [0.0000 0.0375 0.6378 1.4257 1.5757 1.6132 1.5757 1.5007 0.6003 0.6753 0.2626 0.0000],
   [0.0000 0.0000 0.3001 1.0505 1.2006 1.3506 0.4877 0.5628 0.0000 0.0750 0.0000 0.0000],
   [0.0000 0.0000 0.2626 0.4877 1.0505 1.4632 0.1876 0.4877 0.0000 0.0000 0.0000 0.0000],
   [0.0000 0.0000 0.0000 0.0375 0.6003 1.1255 0.9004 1.0130 0.4127 0.1126 0.0000 0.0000],
   [0.0000 0.0000 0.0000 0.0000 0.0750 0.4877 0.7879 1.0505 0.9379 0.3377 0.0375 0.0000],
   [0.0000 0.0000 0.0000 0.0000 0.0750 0.6378 1.3131 1.8384 1.6508 0.2626 0.0000 0.0000],
   [0.0000 0.0000 0.0375 0.4127 1.0505 1.6132 1.6883 2.0259 1.5382 0.0000 0.0000 0.0000],
   [0.1126 0.5628 1.2381 1.5007 1.7633 1.6883 1.4257 0.6378 0.0000 0.0000 0.0000 0.0000],
   [0.3377 0.9755 1.5382 1.5757 1.5007 0.8254 0.0375 0.0000 0.0000 0.0000 0.0000 0.0000],
   [0.0750 0.5252 0.6378 0.4127 0.1501 0.0000 0.0000 0.0000 0.0000 0.0000 0.0000 0.0000]],

  [[0.0000 0.0000 0.0000 0.0000 0.0000 0.0000 0.1126 0.1126 0.0000 0.1126 0.0000 0.0000],
   [0.0000 0.0000 0.2251 0.1876 0.1126 0.0375 0.0000 0.0000 0.0000 0.0000 0.0000 0.0000],
   [0.0000 0.0375 0.4127 0.1126 0.0000 0.0000 0.5628 0.5252 1.0130 1.5007 1.1630 0.4877],
   [0.0000 0.0375 0.9755 1.9509 2.2510 1.3881 1.7258 1.5382 1.2006 1.2006 0.7879 0.2626],
   [0.0000 0.0000 0.6378 1.5757 2.0259 1.2756 0.8629 0.8629 0.5628 0.0000 0.0000 0.0000],
   [0.0000 0.0000 0.0000 0.2626 1.2381 1.1255 0.6378 0.0000 0.0000 0.0000 0.0000 0.0000],
   [0.0000 0.0000 0.0000 0.0000 0.6753 1.2006 1.6508 1.1630 0.0000 0.0000 0.0000 0.0000],
   [0.0000 0.0000 0.0000 0.0000 0.0750 0.7503 1.9134 1.6132 0.1126 0.0000 0.0000 0.0000],
   [0.0000 0.0000 0.0375 0.2626 0.3001 0.1876 0.0375 0.4502 0.7503 0.4877 0.0375 0.0000],
   [0.1126 0.3001 0.2251 0.1876 0.0000 0.3752 1.3881 1.5007 1.1630 0.6753 0.0000 0.0000],
   [0.2626 0.2626 0.0000 0.6378 1.3131 1.4257 1.4632 1.2381 0.5252 0.0750 0.0000 0.0000],
   [0.5252 1.3131 1.8384 1.8384 1.7258 1.2381 0.5628 0.0750 0.0000 0.0000 0.0000 0.0000]]]]

Layer Name: conv2
Output: 
[[[[1.6827 2.9225 3.8081 3.8081 3.5424 2.4797 1.4170 0.4428],
   [2.7454 3.8967 4.3395 3.5424 1.7712 0.1771 0.0000 0.0000],
   [2.3911 2.8339 2.6568 1.3284 0.0000 0.0000 0.0000 0.0000],
   [1.3284 1.5055 1.1513 0.0886 0.0000 0.0000 0.0000 0.0000],
   [0.7085 1.3284 1.3284 0.6199 0.4428 1.0627 0.7970 0.0000],
   [0.5314 1.3284 2.2140 2.4797 2.5683 2.3911 0.8856 0.0000],
   [0.7970 1.6827 3.1882 4.3395 4.4280 2.5683 0.0000 0.0000],
   [2.2140 3.5424 4.6052 5.0480 3.4539 0.5314 0.0000 0.0000]],

  [[0.8856 1.5941 2.7454 3.9852 5.4022 6.1993 6.5535 5.4908],
   [3.3653 4.7823 6.1107 6.2878 5.8450 4.6937 3.4539 1.9483],
   [2.5683 3.0111 2.8339 1.9483 0.7970 0.0000 0.0000 0.0000],
   [0.9742 1.3284 1.4170 0.6199 0.0000 0.0000 0.0000 0.0000],
   [0.0886 0.4428 0.8856 0.7970 0.4428 0.0886 0.0000 0.0000],
   [0.0000 0.0000 0.0000 0.0000 0.0000 0.0000 0.6199 1.3284],
   [0.0000 0.0000 0.0000 0.0000 1.2399 3.2768 3.7196 3.0996],
   [0.0000 0.0000 2.2140 5.0480 6.7306 6.0221 3.5424 1.4170]],

  [[0.0000 0.0000 0.0000 1.6827 2.0369 1.5055 0.7085 0.4428],
   [0.0000 0.0000 0.0000 1.0627 0.9742 0.6199 0.2657 0.3542],
   [0.0000 0.0000 0.0000 0.1771 0.0886 0.6199 1.1513 1.3284],
   [0.0000 0.0000 0.0000 0.0000 0.0000 0.6199 2.0369 1.5941],
   [0.0000 0.0000 0.0000 0.0000 0.0000 1.4170 3.4539 2.1255],
   [0.0000 0.0000 0.0000 0.0000 1.2399 4.0738 4.5166 1.5055],
   [0.0000 0.0000 0.0000 1.5941 3.6310 4.4280 2.8339 0.0000],
   [0.0000 0.5314 2.0369 2.6568 2.3911 1.7712 0.6199 0.0000]],

  [[2.6568 3.0996 3.0996 1.8598 1.5055 1.3284 1.4170 1.2399],
   [2.7454 3.9852 4.3395 2.3911 1.3284 0.7085 0.3542 0.0886],
   [2.2140 3.6310 4.2509 2.3911 0.7085 0.0000 0.0000 0.0000],
   [0.9742 1.7712 2.5683 1.9483 1.0627 0.0000 0.0000 0.0000],
   [0.2657 0.7970 1.5055 1.6827 1.8598 0.3542 0.0000 0.0000],
   [0.2657 1.0627 1.5055 1.5055 1.5055 0.4428 0.0000 0.0000],
   [0.7970 1.0627 1.3284 1.3284 1.4170 0.9742 0.0886 0.0886],
   [1.9483 1.9483 1.9483 2.1255 2.3911 1.6827 0.4428 0.0000]],

  [[3.8081 5.7565 7.1734 7.5277 6.3764 4.5166 2.6568 1.3284],
   [0.0000 0.0000 0.0000 0.0000 0.0000 0.0000 0.0000 0.0000],
   [0.0000 0.0000 0.0000 0.0000 0.0000 0.0000 0.0000 0.0000],
   [0.0000 0.0000 0.0000 0.3542 2.6568 4.2509 3.6310 2.4797],
   [0.0000 0.0000 0.0000 0.5314 2.3026 4.2509 5.0480 4.1624],
   [1.0627 1.3284 1.7712 2.3026 2.9225 3.4539 3.8081 3.4539],
   [3.9852 5.3136 6.1993 5.8450 4.3395 2.5683 1.2399 0.7970],
   [6.5535 6.9963 5.8450 3.2768 0.6199 0.0000 0.0000 0.0000]],

  [[3.7196 5.0480 5.4022 5.0480 4.9594 4.8708 4.7823 4.2509],
   [3.1882 4.9594 5.5793 4.5166 3.0996 2.1255 1.5941 1.4170],
   [0.0000 1.3284 2.3911 1.7712 0.0000 0.0000 0.0000 0.0000],
   [0.0000 0.0000 1.1513 2.5683 1.9483 0.0000 0.0000 0.0000],
   [0.0000 0.0000 0.0000 1.5055 2.7454 1.9483 0.0000 0.0000],
   [0.0000 0.0000 0.0000 0.0000 0.8856 2.4797 2.2140 0.9742],
   [0.0000 0.0000 0.0000 0.0000 1.5055 3.0996 3.6310 3.0111],
   [2.3026 2.8339 3.0111 3.0996 3.1882 3.6310 3.8081 2.7454]],

  [[3.3653 4.6937 5.3136 5.0480 4.6052 3.1882 1.8598 0.0886],
   [3.1882 3.7196 3.2768 2.1255 1.5055 0.4428 0.0000 0.0000],
   [2.3911 3.0996 2.7454 1.5941 1.3284 1.0627 1.1513 0.8856],
   [1.7712 2.8339 2.6568 2.1255 2.1255 1.9483 2.1255 2.3026],
   [0.8856 1.8598 2.4797 2.9225 3.3653 2.8339 2.3026 2.0369],
   [0.4428 1.9483 3.8081 5.6679 6.3764 4.8708 2.1255 0.6199],
   [2.2140 4.5166 6.8192 8.3247 7.6162 3.8081 0.3542 0.0000],
   [4.8708 6.6421 6.9077 5.4908 3.0996 0.5314 0.0000 0.0000]],

  [[3.4539 5.7565 8.2362 9.2989 9.2103 7.9705 6.9077 5.6679],
   [2.7454 5.1365 8.1476 10.0074 10.5387 9.5646 7.7934 5.5793],
   [1.7712 4.1624 6.6421 9.1218 10.4502 9.2103 6.8192 4.0738],
   [0.7970 2.6568 4.7823 7.2620 8.9446 8.4133 6.2878 3.6310],
   [0.1771 1.2399 3.8081 7.0849 9.5646 9.8303 7.4391 4.5166],
   [1.3284 2.7454 5.4022 8.2362 10.0959 10.0074 8.5018 5.6679],
   [4.5166 6.4649 7.5277 7.8819 8.1476 8.0590 7.7934 6.1993],
   [5.9336 6.8192 7.1734 7.1734 7.4391 7.6162 6.9077 4.8708]],

  [[3.6310 6.0221 6.7306 5.4022 3.9852 2.6568 2.4797 2.4797],
   [1.5941 4.5166 6.9077 6.9077 5.4022 3.8081 2.9225 2.6568],
   [0.2657 3.0111 6.7306 8.5904 7.2620 4.6052 2.3026 0.8856],
   [0.0000 1.3284 4.7823 8.1476 8.6790 6.0221 2.0369 0.0000],
   [0.0886 0.7085 3.0111 6.2878 8.1476 6.9077 2.8339 0.0000],
   [1.5941 2.3026 3.1882 4.4280 5.6679 5.7565 3.9852 0.7970],
   [3.5424 3.5424 3.0996 2.5683 3.0996 4.3395 4.6937 2.7454],
   [4.2509 3.6310 2.7454 2.3026 2.8339 3.9852 4.4280 3.0996]],

  [[2.4797 4.6052 6.4649 7.1734 6.7306 5.8450 4.3395 2.3911],
   [2.3911 3.0111 3.1882 2.4797 1.0627 0.0000 0.0000 0.0000],
   [0.5314 0.5314 0.0886 0.0000 0.0000 0.0000 0.0000 0.0000],
   [0.1771 0.2657 0.5314 0.4428 1.1513 1.5055 1.5055 1.1513],
   [0.0000 0.0886 0.0000 0.0886 0.4428 1.1513 2.1255 2.1255],
   [0.0000 0.0000 0.0000 0.0886 1.9483 3.3653 3.5424 2.6568],
   [0.0000 0.3542 2.3026 4.9594 6.6421 5.9336 3.2768 1.0627],
   [3.2768 5.7565 7.6162 7.4391 4.7823 1.5055 0.0000 0.0000]],

  [[0.0000 1.2399 2.0369 2.4797 0.8856 0.0000 0.0000 0.0000],
   [0.0000 0.4428 1.3284 1.9483 0.0000 0.0000 0.0000 0.0000],
   [0.0000 0.0000 0.7085 1.3284 0.0000 0.0000 0.0000 0.0000],
   [0.0000 0.0000 0.0000 0.0886 0.0000 0.2657 0.0000 0.0000],
   [0.0000 0.0000 0.0000 0.3542 0.9742 2.1255 1.5055 0.0000],
   [0.0000 0.0000 0.5314 0.8856 1.6827 2.3026 1.2399 0.0000],
   [0.8856 0.9742 1.2399 1.3284 1.2399 1.4170 0.0000 0.0000],
   [1.4170 1.4170 1.3284 1.0627 0.4428 0.0000 0.0000 0.0000]],

  [[0.0000 0.0000 0.0000 0.0000 0.0000 0.0000 1.1513 1.9483],
   [2.1255 3.1882 4.3395 5.0480 5.1365 5.1365 4.6052 3.6310],
   [2.5683 3.1882 3.5424 3.1882 2.2140 1.1513 0.1771 0.0000],
   [0.6199 0.8856 0.7970 0.0000 0.0000 0.0000 0.0000 0.0000],
   [0.2657 1.2399 1.7712 1.2399 0.0000 0.0000 0.0000 0.0000],
   [0.3542 0.1771 0.0000 0.0000 0.0000 0.0000 0.0000 0.0000],
   [0.0000 0.0000 0.0000 0.0000 0.0000 0.0000 0.5314 1.3284],
   [0.0000 0.0000 0.0000 0.0000 1.6827 3.6310 3.6310 2.5683]],

  [[0.8856 0.0886 0.0000 0.0000 0.0886 0.6199 0.5314 0.5314],
   [0.3542 0.0000 0.0000 0.0000 0.0000 0.2657 0.2657 0.5314],
   [0.0000 0.0000 0.0000 0.0000 0.0000 0.0000 0.0000 0.3542],
   [0.0000 0.0000 0.0000 0.0000 0.0000 0.0000 0.0000 0.3542],
   [0.0000 0.0000 0.0000 0.0000 0.0000 0.0886 0.3542 0.7085],
   [0.0000 0.0000 0.0000 0.0000 0.0000 0.0000 0.0000 1.1513],
   [0.1771 0.3542 0.0886 0.0000 0.0000 0.0000 0.0000 1.4170],
   [0.3542 0.0886 0.0000 0.0000 0.0000 0.0000 0.0886 1.5055]],

  [[0.3542 0.5314 1.6827 3.3653 4.6052 4.4280 3.6310 2.3026],
   [2.3911 3.0996 2.7454 2.7454 2.8339 1.8598 0.7970 0.0000],
   [2.3911 3.3653 2.4797 0.7085 0.0000 0.0000 0.0000 0.0000],
   [1.7712 2.8339 2.8339 1.1513 0.0000 0.0000 0.0000 0.2657],
   [0.4428 0.7970 0.9742 0.7970 0.0000 0.0000 0.3542 1.1513],
   [0.0000 0.0000 0.0000 0.1771 1.3284 1.8598 1.5941 0.7085],
   [0.0000 0.0000 0.8856 3.3653 5.0480 5.1365 2.6568 0.0000],
   [0.0000 1.5055 3.9852 6.1993 6.5535 4.3395 0.8856 0.0000]],

  [[0.0000 0.0000 0.0000 0.5314 1.1513 1.6827 1.9483 2.3911],
   [0.0000 0.0000 0.0000 2.6568 4.5166 5.1365 4.6937 3.7196],
   [0.0000 0.1771 1.6827 4.4280 6.6421 6.7306 5.4908 3.5424],
   [0.8856 1.1513 1.7712 2.9225 4.4280 4.7823 4.2509 2.5683],
   [0.6199 0.8856 1.0627 1.0627 1.9483 2.3026 3.0996 2.6568],
   [0.8856 0.8856 0.6199 0.3542 0.1771 1.0627 3.0996 3.8081],
   [0.3542 0.0000 0.0000 0.0000 0.6199 2.3026 4.2509 4.7823],
   [0.0000 0.0000 0.0000 0.7970 2.7454 4.6937 5.3136 4.2509]],

  [[0.0886 0.0000 0.0000 0.0000 0.0000 0.7085 1.1513 1.1513],
   [0.0886 0.0000 0.0000 0.0000 1.5941 2.8339 3.1882 2.9225],
   [0.0886 0.3542 0.6199 1.1513 2.3026 2.6568 2.8339 2.3911],
   [0.4428 0.7970 1.0627 0.7970 0.8856 0.6199 0.7970 1.0627],
   [0.2657 0.3542 0.1771 0.1771 0.0000 0.0000 0.0000 1.1513],
   [0.0000 0.0000 0.0000 0.0000 0.0000 0.0000 0.7085 2.4797],
   [0.0000 0.0000 0.0000 0.0000 0.0000 0.2657 1.7712 3.4539],
   [0.0000 0.0000 0.0000 0.0000 0.6199 2.1255 3.4539 3.6310]]]]

Layer Name: relu2
Output: 
[[[[1.6827 2.9225 3.8081 3.8081 3.5424 2.4797 1.4170 0.4428],
   [2.7454 3.8967 4.3395 3.5424 1.7712 0.1771 0.0000 0.0000],
   [2.3911 2.8339 2.6568 1.3284 0.0000 0.0000 0.0000 0.0000],
   [1.3284 1.5055 1.1513 0.0886 0.0000 0.0000 0.0000 0.0000],
   [0.7085 1.3284 1.3284 0.6199 0.4428 1.0627 0.7970 0.0000],
   [0.5314 1.3284 2.2140 2.4797 2.5683 2.3911 0.8856 0.0000],
   [0.7970 1.6827 3.1882 4.3395 4.4280 2.5683 0.0000 0.0000],
   [2.2140 3.5424 4.6052 5.0480 3.4539 0.5314 0.0000 0.0000]],

  [[0.8856 1.5941 2.7454 3.9852 5.4022 6.1993 6.5535 5.4908],
   [3.3653 4.7823 6.1107 6.2878 5.8450 4.6937 3.4539 1.9483],
   [2.5683 3.0111 2.8339 1.9483 0.7970 0.0000 0.0000 0.0000],
   [0.9742 1.3284 1.4170 0.6199 0.0000 0.0000 0.0000 0.0000],
   [0.0886 0.4428 0.8856 0.7970 0.4428 0.0886 0.0000 0.0000],
   [0.0000 0.0000 0.0000 0.0000 0.0000 0.0000 0.6199 1.3284],
   [0.0000 0.0000 0.0000 0.0000 1.2399 3.2768 3.7196 3.0996],
   [0.0000 0.0000 2.2140 5.0480 6.7306 6.0221 3.5424 1.4170]],

  [[0.0000 0.0000 0.0000 1.6827 2.0369 1.5055 0.7085 0.4428],
   [0.0000 0.0000 0.0000 1.0627 0.9742 0.6199 0.2657 0.3542],
   [0.0000 0.0000 0.0000 0.1771 0.0886 0.6199 1.1513 1.3284],
   [0.0000 0.0000 0.0000 0.0000 0.0000 0.6199 2.0369 1.5941],
   [0.0000 0.0000 0.0000 0.0000 0.0000 1.4170 3.4539 2.1255],
   [0.0000 0.0000 0.0000 0.0000 1.2399 4.0738 4.5166 1.5055],
   [0.0000 0.0000 0.0000 1.5941 3.6310 4.4280 2.8339 0.0000],
   [0.0000 0.5314 2.0369 2.6568 2.3911 1.7712 0.6199 0.0000]],

  [[2.6568 3.0996 3.0996 1.8598 1.5055 1.3284 1.4170 1.2399],
   [2.7454 3.9852 4.3395 2.3911 1.3284 0.7085 0.3542 0.0886],
   [2.2140 3.6310 4.2509 2.3911 0.7085 0.0000 0.0000 0.0000],
   [0.9742 1.7712 2.5683 1.9483 1.0627 0.0000 0.0000 0.0000],
   [0.2657 0.7970 1.5055 1.6827 1.8598 0.3542 0.0000 0.0000],
   [0.2657 1.0627 1.5055 1.5055 1.5055 0.4428 0.0000 0.0000],
   [0.7970 1.0627 1.3284 1.3284 1.4170 0.9742 0.0886 0.0886],
   [1.9483 1.9483 1.9483 2.1255 2.3911 1.6827 0.4428 0.0000]],

  [[3.8081 5.7565 7.1734 7.5277 6.3764 4.5166 2.6568 1.3284],
   [0.0000 0.0000 0.0000 0.0000 0.0000 0.0000 0.0000 0.0000],
   [0.0000 0.0000 0.0000 0.0000 0.0000 0.0000 0.0000 0.0000],
   [0.0000 0.0000 0.0000 0.3542 2.6568 4.2509 3.6310 2.4797],
   [0.0000 0.0000 0.0000 0.5314 2.3026 4.2509 5.0480 4.1624],
   [1.0627 1.3284 1.7712 2.3026 2.9225 3.4539 3.8081 3.4539],
   [3.9852 5.3136 6.1993 5.8450 4.3395 2.5683 1.2399 0.7970],
   [6.5535 6.9963 5.8450 3.2768 0.6199 0.0000 0.0000 0.0000]],

  [[3.7196 5.0480 5.4022 5.0480 4.9594 4.8708 4.7823 4.2509],
   [3.1882 4.9594 5.5793 4.5166 3.0996 2.1255 1.5941 1.4170],
   [0.0000 1.3284 2.3911 1.7712 0.0000 0.0000 0.0000 0.0000],
   [0.0000 0.0000 1.1513 2.5683 1.9483 0.0000 0.0000 0.0000],
   [0.0000 0.0000 0.0000 1.5055 2.7454 1.9483 0.0000 0.0000],
   [0.0000 0.0000 0.0000 0.0000 0.8856 2.4797 2.2140 0.9742],
   [0.0000 0.0000 0.0000 0.0000 1.5055 3.0996 3.6310 3.0111],
   [2.3026 2.8339 3.0111 3.0996 3.1882 3.6310 3.8081 2.7454]],

  [[3.3653 4.6937 5.3136 5.0480 4.6052 3.1882 1.8598 0.0886],
   [3.1882 3.7196 3.2768 2.1255 1.5055 0.4428 0.0000 0.0000],
   [2.3911 3.0996 2.7454 1.5941 1.3284 1.0627 1.1513 0.8856],
   [1.7712 2.8339 2.6568 2.1255 2.1255 1.9483 2.1255 2.3026],
   [0.8856 1.8598 2.4797 2.9225 3.3653 2.8339 2.3026 2.0369],
   [0.4428 1.9483 3.8081 5.6679 6.3764 4.8708 2.1255 0.6199],
   [2.2140 4.5166 6.8192 8.3247 7.6162 3.8081 0.3542 0.0000],
   [4.8708 6.6421 6.9077 5.4908 3.0996 0.5314 0.0000 0.0000]],

  [[3.4539 5.7565 8.2362 9.2989 9.2103 7.9705 6.9077 5.6679],
   [2.7454 5.1365 8.1476 10.0074 10.5387 9.5646 7.7934 5.5793],
   [1.7712 4.1624 6.6421 9.1218 10.4502 9.2103 6.8192 4.0738],
   [0.7970 2.6568 4.7823 7.2620 8.9446 8.4133 6.2878 3.6310],
   [0.1771 1.2399 3.8081 7.0849 9.5646 9.8303 7.4391 4.5166],
   [1.3284 2.7454 5.4022 8.2362 10.0959 10.0074 8.5018 5.6679],
   [4.5166 6.4649 7.5277 7.8819 8.1476 8.0590 7.7934 6.1993],
   [5.9336 6.8192 7.1734 7.1734 7.4391 7.6162 6.9077 4.8708]],

  [[3.6310 6.0221 6.7306 5.4022 3.9852 2.6568 2.4797 2.4797],
   [1.5941 4.5166 6.9077 6.9077 5.4022 3.8081 2.9225 2.6568],
   [0.2657 3.0111 6.7306 8.5904 7.2620 4.6052 2.3026 0.8856],
   [0.0000 1.3284 4.7823 8.1476 8.6790 6.0221 2.0369 0.0000],
   [0.0886 0.7085 3.0111 6.2878 8.1476 6.9077 2.8339 0.0000],
   [1.5941 2.3026 3.1882 4.4280 5.6679 5.7565 3.9852 0.7970],
   [3.5424 3.5424 3.0996 2.5683 3.0996 4.3395 4.6937 2.7454],
   [4.2509 3.6310 2.7454 2.3026 2.8339 3.9852 4.4280 3.0996]],

  [[2.4797 4.6052 6.4649 7.1734 6.7306 5.8450 4.3395 2.3911],
   [2.3911 3.0111 3.1882 2.4797 1.0627 0.0000 0.0000 0.0000],
   [0.5314 0.5314 0.0886 0.0000 0.0000 0.0000 0.0000 0.0000],
   [0.1771 0.2657 0.5314 0.4428 1.1513 1.5055 1.5055 1.1513],
   [0.0000 0.0886 0.0000 0.0886 0.4428 1.1513 2.1255 2.1255],
   [0.0000 0.0000 0.0000 0.0886 1.9483 3.3653 3.5424 2.6568],
   [0.0000 0.3542 2.3026 4.9594 6.6421 5.9336 3.2768 1.0627],
   [3.2768 5.7565 7.6162 7.4391 4.7823 1.5055 0.0000 0.0000]],

  [[0.0000 1.2399 2.0369 2.4797 0.8856 0.0000 0.0000 0.0000],
   [0.0000 0.4428 1.3284 1.9483 0.0000 0.0000 0.0000 0.0000],
   [0.0000 0.0000 0.7085 1.3284 0.0000 0.0000 0.0000 0.0000],
   [0.0000 0.0000 0.0000 0.0886 0.0000 0.2657 0.0000 0.0000],
   [0.0000 0.0000 0.0000 0.3542 0.9742 2.1255 1.5055 0.0000],
   [0.0000 0.0000 0.5314 0.8856 1.6827 2.3026 1.2399 0.0000],
   [0.8856 0.9742 1.2399 1.3284 1.2399 1.4170 0.0000 0.0000],
   [1.4170 1.4170 1.3284 1.0627 0.4428 0.0000 0.0000 0.0000]],

  [[0.0000 0.0000 0.0000 0.0000 0.0000 0.0000 1.1513 1.9483],
   [2.1255 3.1882 4.3395 5.0480 5.1365 5.1365 4.6052 3.6310],
   [2.5683 3.1882 3.5424 3.1882 2.2140 1.1513 0.1771 0.0000],
   [0.6199 0.8856 0.7970 0.0000 0.0000 0.0000 0.0000 0.0000],
   [0.2657 1.2399 1.7712 1.2399 0.0000 0.0000 0.0000 0.0000],
   [0.3542 0.1771 0.0000 0.0000 0.0000 0.0000 0.0000 0.0000],
   [0.0000 0.0000 0.0000 0.0000 0.0000 0.0000 0.5314 1.3284],
   [0.0000 0.0000 0.0000 0.0000 1.6827 3.6310 3.6310 2.5683]],

  [[0.8856 0.0886 0.0000 0.0000 0.0886 0.6199 0.5314 0.5314],
   [0.3542 0.0000 0.0000 0.0000 0.0000 0.2657 0.2657 0.5314],
   [0.0000 0.0000 0.0000 0.0000 0.0000 0.0000 0.0000 0.3542],
   [0.0000 0.0000 0.0000 0.0000 0.0000 0.0000 0.0000 0.3542],
   [0.0000 0.0000 0.0000 0.0000 0.0000 0.0886 0.3542 0.7085],
   [0.0000 0.0000 0.0000 0.0000 0.0000 0.0000 0.0000 1.1513],
   [0.1771 0.3542 0.0886 0.0000 0.0000 0.0000 0.0000 1.4170],
   [0.3542 0.0886 0.0000 0.0000 0.0000 0.0000 0.0886 1.5055]],

  [[0.3542 0.5314 1.6827 3.3653 4.6052 4.4280 3.6310 2.3026],
   [2.3911 3.0996 2.7454 2.7454 2.8339 1.8598 0.7970 0.0000],
   [2.3911 3.3653 2.4797 0.7085 0.0000 0.0000 0.0000 0.0000],
   [1.7712 2.8339 2.8339 1.1513 0.0000 0.0000 0.0000 0.2657],
   [0.4428 0.7970 0.9742 0.7970 0.0000 0.0000 0.3542 1.1513],
   [0.0000 0.0000 0.0000 0.1771 1.3284 1.8598 1.5941 0.7085],
   [0.0000 0.0000 0.8856 3.3653 5.0480 5.1365 2.6568 0.0000],
   [0.0000 1.5055 3.9852 6.1993 6.5535 4.3395 0.8856 0.0000]],

  [[0.0000 0.0000 0.0000 0.5314 1.1513 1.6827 1.9483 2.3911],
   [0.0000 0.0000 0.0000 2.6568 4.5166 5.1365 4.6937 3.7196],
   [0.0000 0.1771 1.6827 4.4280 6.6421 6.7306 5.4908 3.5424],
   [0.8856 1.1513 1.7712 2.9225 4.4280 4.7823 4.2509 2.5683],
   [0.6199 0.8856 1.0627 1.0627 1.9483 2.3026 3.0996 2.6568],
   [0.8856 0.8856 0.6199 0.3542 0.1771 1.0627 3.0996 3.8081],
   [0.3542 0.0000 0.0000 0.0000 0.6199 2.3026 4.2509 4.7823],
   [0.0000 0.0000 0.0000 0.7970 2.7454 4.6937 5.3136 4.2509]],

  [[0.0886 0.0000 0.0000 0.0000 0.0000 0.7085 1.1513 1.1513],
   [0.0886 0.0000 0.0000 0.0000 1.5941 2.8339 3.1882 2.9225],
   [0.0886 0.3542 0.6199 1.1513 2.3026 2.6568 2.8339 2.3911],
   [0.4428 0.7970 1.0627 0.7970 0.8856 0.6199 0.7970 1.0627],
   [0.2657 0.3542 0.1771 0.1771 0.0000 0.0000 0.0000 1.1513],
   [0.0000 0.0000 0.0000 0.0000 0.0000 0.0000 0.7085 2.4797],
   [0.0000 0.0000 0.0000 0.0000 0.0000 0.2657 1.7712 3.4539],
   [0.0000 0.0000 0.0000 0.0000 0.6199 2.1255 3.4539 3.6310]]]]

Layer Name: pool2
Output: 
[[[[3.8967 4.3395 3.5424 1.4170],
   [2.8339 2.6568 0.0000 0.0000],
   [1.3284 2.4797 2.5683 0.8856],
   [3.5424 5.0480 4.4280 0.0000]],

  [[4.7823 6.2878 6.1993 6.5535],
   [3.0111 2.8339 0.7970 0.0000],
   [0.4428 0.8856 0.4428 1.3284],
   [0.0000 5.0480 6.7306 3.7196]],

  [[0.0000 1.6827 2.0369 0.7085],
   [0.0000 0.1771 0.6199 2.0369],
   [0.0000 0.0000 4.0738 4.5166],
   [0.5314 2.6568 4.4280 2.8339]],

  [[3.9852 4.3395 1.5055 1.4170],
   [3.6310 4.2509 1.0627 0.0000],
   [1.0627 1.6827 1.8598 0.0000],
   [1.9483 2.1255 2.3911 0.4428]],

  [[5.7565 7.5277 6.3764 2.6568],
   [0.0000 0.3542 4.2509 3.6310],
   [1.3284 2.3026 4.2509 5.0480],
   [6.9963 6.1993 4.3395 1.2399]],

  [[5.0480 5.5793 4.9594 4.7823],
   [1.3284 2.5683 1.9483 0.0000],
   [0.0000 1.5055 2.7454 2.2140],
   [2.8339 3.0996 3.6310 3.8081]],

  [[4.6937 5.3136 4.6052 1.8598],
   [3.0996 2.7454 2.1255 2.3026],
   [1.9483 5.6679 6.3764 2.3026],
   [6.6421 8.3247 7.6162 0.3542]],

  [[5.7565 10.0074 10.5387 7.7934],
   [4.1624 9.1218 10.4502 6.8192],
   [2.7454 8.2362 10.0959 8.5018],
   [6.8192 7.8819 8.1476 7.7934]],

  [[6.0221 6.9077 5.4022 2.9225],
   [3.0111 8.5904 8.6790 2.3026],
   [2.3026 6.2878 8.1476 3.9852],
   [4.2509 3.0996 4.3395 4.6937]],

  [[4.6052 7.1734 6.7306 4.3395],
   [0.5314 0.5314 1.5055 1.5055],
   [0.0886 0.0886 3.3653 3.5424],
   [5.7565 7.6162 6.6421 3.2768]],

  [[1.2399 2.4797 0.8856 0.0000],
   [0.0000 1.3284 0.2657 0.0000],
   [0.0000 0.8856 2.3026 1.5055],
   [1.4170 1.3284 1.4170 0.0000]],

  [[3.1882 5.0480 5.1365 4.6052],
   [3.1882 3.5424 2.2140 0.1771],
   [1.2399 1.7712 0.0000 0.0000],
   [0.0000 0.0000 3.6310 3.6310]],

  [[0.8856 0.0000 0.6199 0.5314],
   [0.0000 0.0000 0.0000 0.3542],
   [0.0000 0.0000 0.0886 1.1513],
   [0.3542 0.0886 0.0000 1.5055]],

  [[3.0996 3.3653 4.6052 3.6310],
   [3.3653 2.8339 0.0000 0.2657],
   [0.7970 0.9742 1.8598 1.5941],
   [1.5055 6.1993 6.5535 2.6568]],

  [[0.0000 2.6568 5.1365 4.6937],
   [1.1513 4.4280 6.7306 5.4908],
   [0.8856 1.0627 2.3026 3.8081],
   [0.3542 0.7970 4.6937 5.3136]],

  [[0.0886 0.0000 2.8339 3.1882],
   [0.7970 1.1513 2.6568 2.8339],
   [0.3542 0.1771 0.0000 2.4797],
   [0.0000 0.0000 2.1255 3.6310]]]]

Layer Name: fc1
Output: 
[[0.0000 3.5944 0.0000 0.0000 7.1888 8.6865 5.8409 0.0000 2.6958 4.3432 3.7442 0.0000 0.0000 0.0000 0.2995 3.5944 2.8456 7.0390 1.1981 0.0000 0.0000 9.5851 1.3479 0.0000 0.0000 4.7925 0.0000 0.2995 0.0000 0.0000 0.0000 11.2325 4.1935 3.8939 5.2418 0.0000 0.0000 0.0000 0.0000 0.0000 1.6474 0.2995 3.2949 3.2949 2.3963 5.0921 1.0484 0.0000 2.0967 0.0000 5.3916 0.0000 8.9860 2.6958 3.8939 3.2949 1.1981 3.4446 6.5897 0.0000 0.0000 0.0000 4.1935 0.0000 3.4446 4.3432 2.5460 0.0000 4.1935 3.7442 7.3386 3.1451 0.0000 8.5367 3.1451 0.0000 0.0000 0.0000 0.0000 0.0000 1.6474 3.5944 6.1404 7.3386 1.6474 0.0000 6.7395 0.0000 5.0921 6.2902 2.2465 3.7442 0.0000 1.7972 0.0000 0.0000 5.0921 4.7925 7.6381 0.0000 0.0000 2.8456 0.0000 2.8456 1.0484 5.6911 0.0000 0.0000 0.0000 0.0000 8.0874 0.0000 4.7925 0.0000 0.0000 5.3916 1.4977 8.0874 0.0000 0.0000]]

Layer Name: relu3
Output: 
[[0.0000 3.5944 0.0000 0.0000 7.1888 8.6865 5.8409 0.0000 2.6958 4.3432 3.7442 0.0000 0.0000 0.0000 0.2995 3.5944 2.8456 7.0390 1.1981 0.0000 0.0000 9.5851 1.3479 0.0000 0.0000 4.7925 0.0000 0.2995 0.0000 0.0000 0.0000 11.2325 4.1935 3.8939 5.2418 0.0000 0.0000 0.0000 0.0000 0.0000 1.6474 0.2995 3.2949 3.2949 2.3963 5.0921 1.0484 0.0000 2.0967 0.0000 5.3916 0.0000 8.9860 2.6958 3.8939 3.2949 1.1981 3.4446 6.5897 0.0000 0.0000 0.0000 4.1935 0.0000 3.4446 4.3432 2.5460 0.0000 4.1935 3.7442 7.3386 3.1451 0.0000 8.5367 3.1451 0.0000 0.0000 0.0000 0.0000 0.0000 1.6474 3.5944 6.1404 7.3386 1.6474 0.0000 6.7395 0.0000 5.0921 6.2902 2.2465 3.7442 0.0000 1.7972 0.0000 0.0000 5.0921 4.7925 7.6381 0.0000 0.0000 2.8456 0.0000 2.8456 1.0484 5.6911 0.0000 0.0000 0.0000 0.0000 8.0874 0.0000 4.7925 0.0000 0.0000 5.3916 1.4977 8.0874 0.0000 0.0000]]

Layer Name: fc2
Output: 
[[0.0000 4.2782 0.0000 7.6205 8.5563 0.0000 6.5510 2.8076 0.5348 0.0000 5.6151 0.0000 0.0000 4.8129 8.8237 3.7434 2.8076 8.1553 6.4173 5.0803 6.0162 3.2086 0.0000 9.3585 4.0108 0.2674 4.5456 7.4868 0.0000 0.0000 0.0000 0.0000 0.0000 0.0000 4.6793 1.7380 4.6793 0.0000 0.0000 0.0000 0.0000 9.2248 0.0000 0.0000 0.0000 0.0000 0.0000 2.6739 0.0000 2.9412 0.0000 9.4922 0.0000 4.5456 1.7380 3.3423 2.5402 0.0000 6.0162 13.5030 0.0000 0.0000 0.0000 0.0000 0.0000 8.6900 0.0000 0.0000 2.1391 4.2782 0.0000 0.0000 3.4760 0.0000 0.0000 3.8771 0.0000 0.0000 5.3477 1.8717 0.0000 7.3531 0.0000 0.0000]]

Layer Name: relu4
Output: 
[[0.0000 4.2782 0.0000 7.6205 8.5563 0.0000 6.5510 2.8076 0.5348 0.0000 5.6151 0.0000 0.0000 4.8129 8.8237 3.7434 2.8076 8.1553 6.4173 5.0803 6.0162 3.2086 0.0000 9.3585 4.0108 0.2674 4.5456 7.4868 0.0000 0.0000 0.0000 0.0000 0.0000 0.0000 4.6793 1.7380 4.6793 0.0000 0.0000 0.0000 0.0000 9.2248 0.0000 0.0000 0.0000 0.0000 0.0000 2.6739 0.0000 2.9412 0.0000 9.4922 0.0000 4.5456 1.7380 3.3423 2.5402 0.0000 6.0162 13.5030 0.0000 0.0000 0.0000 0.0000 0.0000 8.6900 0.0000 0.0000 2.1391 4.2782 0.0000 0.0000 3.4760 0.0000 0.0000 3.8771 0.0000 0.0000 5.3477 1.8717 0.0000 7.3531 0.0000 0.0000]]

Layer Name: fc3
Output: 
[[-9.6273 -5.5306 -7.1693 3.0725 -16.5917 5.7354 -12.0853 -5.7354 -7.7838 -5.7354]]

Layer Name: dequant
Output: 
[[-9.6273 -5.5306 -7.1693 3.0725 -16.5917 5.7354 -12.0853 -5.7354 -7.7838 -5.7354]]

Layer Name: 
Output: 
[[-9.6273 -5.5306 -7.1693 3.0725 -16.5917 5.7354 -12.0853 -5.7354 -7.7838 -5.7354]]

