111111111100001010100
111111101111100110101
111111101011001101100
111111101111111010010
111111110101010101010
111111111000011111110
111111111010110010011
111111110110101101010
000000000110101001011
111111111000010001010
111111101110010000101
111111110000011011001
111111110111001000111
111111111111100001011
000000000010011011000
111111111110011111110
000000010101100011010
000000001010010001000
111111111000011100111
111111110001010100110
111111110100001100000
111111111010000110101
000000000101001010001
000000000010011011010
000000010110100111101
000000001110110001100
111111111101011100110
111111101110010101101
111111101001011001010
111111101101100100001
111111111100000101010
000000001000001001111
000000000111100010111
000000000110010110010
000000000001110110100
111111110100001010111
111111100111100101001
111111101000110111111
111111111000000000110
000000000100001111110
000000000000101100010
000000000110001000011
000000001010011100000
000000000110111001000
111111110110110110111
111111100100110101011
111111101011001001000
111111111110010101011
111111111100101101000
000000000011110011110
000000001000100101010
000000000101111100001
111111111001100111011
111111101110100111101
111111101110110101000
111111111100000010001
111111111100100101000
111111111100000101001
111111111100000100110
111111111101111010001
111111110110110011011
111111110011000110000
111111111001011011001
111111111110001101110
000000000111000101001
000000000100000010111
000000000111100100101
000000000001000110001
111111110110000101000
111111101100101000011
111111101010110111100
111111101110100111010
111111101010001101101
111111011100111000100
111111100011000110100
111111101010001010110
111111110000101110011
111111101101101100010
111111101010111001101
111111101100110001111
111111101000100010101
111111011101011001001
111111100011111010110
111111110011110110101
000000001001000111000
000000001101110011000
000000001001011000011
111111111101101000000
111111110010000100000
111111101011011001110
111111101110001111000
111111111000110001001
000000001011100101000
000000010111110110000
000000011001000011000
000000001111000001101
000000000001000101011
000000000110000000010
000000001001001110011
000000001111001000110
000000001001100110000
000000001100011001110
000000001111001111010
000000010001001101110
000000011011011111111
000000100100100101011
000000100011100010000
000000011001001000110
000000000101111011010
111111111100110100011
111111111101100010011
000000001000100111100
000000110010110100100
000000110001001010101
000000011110110011110
000000000100001100111
111111101000110111011
111111101000000101010
111111110011001100000
111111111111101101011
000000011011001001001
000000001001101000011
111111110011110111010
111111100010001011111
111111011100011100100
111111100101110110111
111111110101000101010
111111111110101001101
000000011100011110010
000000101010111110001
000000110001101111010
000000110011011010110
000000100011101010010
000000010100111111001
000000000011011100110
111111111010001100000
000000001101000100100
000000001010010100111
000000000011001010001
111111111011011001010
111111101110110111111
111111101101100011110
111111100110111000000
111111100110000000100
000000000110111100111
111111111111011010110
111111111001100100010
111111111010011010010
111111111011010101101
000000000000100101000
111111111111100011001
111111111011000011100
000000001011010001001
000000000111001011101
000000000010000000011
000000000001101110101
000000001100010110010
000000010101000111100
000000010010110011000
000000000111110000001
111111111100001010101
111111110100101011110
111111110001011111110
111111110100001001100
000000000001010011111
000000010000000110110
000000010011000001111
000000001000010110001
111111101111110101101
111111110101110010000
000000000110000011001
000000010110101001100
000000011111000111001
000000011000100100010
000000001010100100010
000000000000001001100
000000000101011011110
000000011101100010000
000000110110111111110
000001000000110001101
000000101111001100001
000000010010111001010
111111111100101110100
111111111000010001111
000000110100100101110
000001000000011010001
000000111100010011001
000000100100110100100
000000000100110100110
111111110000111011100
111111101011011011110
111111110011101010011
111111111101001011001
000000000000010010001
000000000110000110100
000000001100101011100
000000001001001001000
000000001100010101110
000000001001111100100
000000010001110010001
111111101001000010111
111111101110100000001
111111111110000011111
000000001010101000000
000000001111000111110
000000001101110000011
000000000100010110111
000000000100011100010
111111100001010111110
111111101000100000110
111111111111000000101
000000001011111111111
000000010010011010101
000000010101001011100
000000001000001100111
111111111110110011101
111111101101001100101
111111101111101000111
000000000011011000100
000000010011011100101
000000010110011011011
000000010100110100000
000000001110110010011
000000000100011000100
111111111100010001101
111111111100010011110
000000000101111111010
000000001101010100010
000000001110110000101
000000001111110010010
000000001011111000100
000000001010011010101
000000001011111011100
000000000111001001010
000000000000111101110
111111110101100100110
111111110011010111001
000000001001101101111
000000010010011100001
000000001111101101001
000000010011011010011
000000000101100100011
111111110011010011101
111111100111001011000
111111101101011011010
000000001100010110010
000000100001111111111
000000011100111010111
000000000001000000000
111111110001111100001
111111101100000111010
111111110000111011111
000000000100001011001
000000011101111100001
000000100001110000000
000000010000101011101
000000101100000001100
000001000001101001101
000001001000000010001
000001000011101111111
000000110110101110011
000000101011110011001
000000100001100100010
000000011100101010110
111111111111111111101
000000001100010001001
000000010011100010000
000000001011100111111
111111111010000000110
111111101010011111110
111111100100111100001
111111101110011010110
111111011110110001011
111111100001111000101
111111110010000011111
111111111101111011000
111111111010000100001
111111101101000101110
111111100001111101100
111111100010111010011
111111100110000110111
111111100011010001011
111111110101111001111
000000010001011100101
000000100000010100101
000000011001110011001
000000001000111110101
111111111101101011100
111111110010111110111
111111101110101101100
111111110010101111111
111111111111111101001
000000010100000000111
000000100000100001011
000000011010111001010
000000001101000101001
111111111000111010110
111111110101101111111
111111110011110000111
111111111001011100001
000000000100011001111
000000010101000010000
000000100000010110110
000000011101010011101
000000010100101101101
000000011000001110111
000000010110000000111
000000010100101101001
000000010100111100010
000000011010110000110
000000011101000111100
000000010110010010110
000000110011000100100
000000110010000000010
000000101001110000001
000000011100100101001
000000010000100011111
000000001101110001110
000000001100111101100
000000000101111101010
111111110010100000000
000000000010110010000
000000001011110111110
000000010111100011100
000000011011100101101
000000010111011111101
000000001110111111100
000000000110101011100
111111111110110111100
000000001010110011101
000000001100110100110
000000001100111111000
000000000111000110110
111111111101111011011
111111111000101110010
111111110101001100111
000000000101011000000
000000001010100011111
000000000101111001110
111111111100010100001
111111101111100000001
111111110100110010100
111111110010101000011
111111110111000011001
000000000001000010011
000000000011011011010
111111111110111110110
111111110101000101011
111111101111001100010
111111111010011010001
000000000110000010101
000000001011010001010
111111111100101001000
111111111110011011011
111111110111001101001
111111110101001001001
111111111110010011111
000000001100101110001
000000010011000110011
000000010010110100110
111111111001010010101
111111110111001101111
111111110111010000011
000000000100111100001
000000010101110100111
000000100011101011000
000000011001010011101
111111111110111101000
111111110100000000011
111111110111111101111
000000001000000011010
000000011111000010111
000000110010110110001
000000101101001111110
000000001010101000100
111111101000011001111
111111111010101010000
000000001100110011001
000000100001111111101
000000101100010001110
000000100110111111101
000000001100000010001
111111101010100010011
111111011100100000001
000000010010011000110
000000010111111111100
000000010101011010000
000000010000110001000
000000001010011011000
000000000110101100110
000000000100111001111
000000000111011110111
000000001111111001110
000000100000010000111
000000101010011111000
000000101011100001110
000000101101010000010
000000110000101010011
000000110000001001010
000000101001010100001
000000001111100001110
000000101000011011001
000000111010101111010
000000111011111011000
000000110111001010101
000000101111001110111
000000100001001111010
000000010110000110001
000000001001100110001
000000011001011100110
000000100011001101110
000000101011001011100
000000100111011001101
000000011010011011011
000000000111100100101
111111111001010100000
111111111011000000000
000000000000111111101
000000001100111000110
000000100111000010110
000000111001111000010
000000110100110101111
000000010101000100000
111111110110101011001
111111111001110010001
000000001000100100011
000000011101000111010
000000110100101100001
000000111111010001110
000000110101001101101
000000010000110110111
111111110100110010101
000000001101010100111
000000011100111010001
000000100101100000111
000000100110001100011
000000011100101101000
000000001111000100111
000000000011011010100
000000000001101100100
000000011000101100010
000000010110010100010
000000001110010101100
000000000110000010100
000000001011111001110
000000010111110001100
000000011100000011010
000000010101010111010
000000011111101011101
000000100010111001011
000000100001010000111
000000010111100110111
000000010001011110011
000000001011110110010
000000001110001101100
000000010001000101001
000000100000010000100
000000101011100001100
000000110101101101101
000000101011011010101
000000100110101101110
000000011010111000001
000000010011100100000
000000001110101011010
000000011100010001110
000000101011000000111
000000111000000000110
000000110000010000010
000000101001011101000
000000010001000000100
000000000010111111010
111111111001010111011
000000001101010001010
000000011001110110001
000000100011101111011
000000100011010001010
000000100011011010000
000000001010110010101
111111110110110010100
111111101100000111111
000000000011001111101
000000010000100101111
000000011100001101100
000000100111010000000
000000100101001110011
000000001111110000000
111111111000010000100
111111101100001001110
000000001001000011101
000000010011111100000
000000011011011010010
000000100010110110110
000000011111100100010
000000001100110001110
111111111000100100010
111111110110110100010
000000010011001011110
000000010101101011100
000000010100101100001
000000010011011101100
000000001111100111101
000000001011010011001
000000000100011111100
000000000100110101111
000000011000000000101
000000010101001010011
000000010010000111000
000000010100011100001
000000011100011000011
000000011001010110010
000000010001000001111
000000001100010100101
