2
4
8
9
d
10
13
14
17
1a
1c
20
21
23
27
29
0
2
5
8
9
b
f
12
14
17
19
1a
1c
20
23
25
27
0
2
4
5
8
b
e
11
14
17
1b
1e
20
23
24
25
29
0
2
5
9
d
10
13
15
18
19
1c
1e
20
23
24
27
29
0
3
6
8
a
e
11
14
16
1a
1d
1e
20
23
27
29
2b
0
4
6
7
9
c
f
12
13
15
17
1a
1d
20
21
22
25
0
2
5
7
b
d
f
12
15
17
1a
1c
1e
20
23
26
2a
0
3
6
9
b
e
11
14
16
18
19
1d
20
23
25
27
2a
0
3
4
7
a
c
e
11
13
17
18
1c
1f
22
26
28
2c
0
4
6
a
c
d
11
14
17
18
1a
1c
20
24
27
29
2c
0
2
6
a
e
f
10
13
16
18
1c
1e
1f
21
23
24
27
0
1
4
5
7
a
c
f
13
16
19
1b
1e
1f
23
25
28
0
3
6
9
c
f
11
12
14
15
16
18
1b
1d
1f
21
23
0
2
5
8
a
e
12
15
17
19
1c
20
21
25
27
29
2b
0
2
5
9
c
e
f
12
14
16
19
1a
1c
1f
20
22
25
0
2
5
9
b
e
11
15
17
1a
1d
1f
20
22
26
29
2b
0
1
3
5
7
9
c
d
f
11
15
16
19
1c
1f
21
24
0
3
4
5
8
b
d
10
13
16
18
1a
1e
21
23
26
28
0
4
7
9
b
c
f
11
12
13
16
17
19
1a
1d
1f
20
0
1
3
5
6
9
a
c
10
13
15
16
18
1a
1d
20
23
0
1
3
4
6
9
b
e
12
13
16
17
18
19
1c
1e
20
0
1
3
6
9
c
f
10
12
15
17
1a
1d
21
22
25
29
0
4
5
7
a
c
f
12
15
16
18
1b
1f
22
24
26
2a
0
1
5
6
9
b
d
f
12
16
18
1a
1c
1f
22
25
28
0
4
6
9
b
f
13
16
19
1b
1e
1f
22
25
27
29
2b
0
1
4
8
a
e
12
13
16
19
1c
1f
22
25
28
29
2b
0
4
6
8
a
d
f
10
13
16
18
1b
1f
23
25
26
29
0
1
2
6
8
b
e
11
15
19
1c
1f
21
25
27
2a
2d
0
2
4
7
8
c
f
12
15
16
17
1a
1d
1f
21
22
24
0
4
7
9
b
f
11
15
18
1a
1b
1f
22
25
28
2a
2b
0
