[[  53   30 -128  -46 -128   57 -115  -38  -90 -108  -92   71  109   44   24  -51 -111   18  -66   94   -2   28 -128  -22  -30  -39  -37  -87 -128   46 -128   74  -58   58   62   53 -104  -46   24  -99  -30  -12   17   65  -58   51  -54  -87  -29   73 -113 -128  -82 -128   28   10   33  -97  -96  -58 -128 -128  -39  -89   -6  -57   -9   45 -128  -50   77   68 -108 -103  -67   13 -128   78 -128  -25   55  104 -128    8]
 [-122  -64  -81   19 -113 -118   36 -128  102   88 -118   18  -14  -59 -128    9   33  -58   -4 -108   -2  -26    0  -59   30   -6   22  -80   35   54  -47  -66   46   26   18   12   -4  -60   13 -115  -44  -13   36  -19 -126  -84  -95   22  -33  -26  -83   44  111   37  -43   35 -128   42  -22  -47  -80 -128    8   26 -112  -30  -43 -127  -66  -70  -22 -128   76  112  -27 -128   -4   19  -70   50    1    0  -78   32]
 [-107  -36  -22 -128   33 -106  -80  -31    3  -67  -47 -128   79  -25   99   69 -128   99  -29 -128  -14   55 -128  -54    7  -21  -39 -108   61   46   67   49  -78  -64   60    3  -19  127  -22 -128   -9  -46 -105   18 -122  -10   67  -52  -57   21  -80  -83   -7   47  -15   31 -128    9   69  -14  -33   17  -93   64  -12 -128   25   -3   68 -111  -97  -27  -91 -128   96  -84 -128  -77   72 -121   78   85 -101 -128]
 [  46   57 -124 -128   66 -104 -113  -36  -44 -106   34  -27  -37 -128  -48  124 -128 -110  -76   37   31   30  -95  -47  -41   -5   19 -128 -128 -101   34   49 -128 -128  -47  -22   16 -127  -96   52  -24  -25   35   65  -28  -85   68  -61  -26  -19 -105   64   17   77   -3  -13  -31 -128  -46   22   66   39  -65 -118   58 -120  -66 -128   94  -49   98    6  -42    2  -45   12  108 -115  -97    6  -72 -113  -77   29]
 [ -79 -128   85   51   55   49   43  -18 -104 -102   24   14    3   33  -12   33  -48   34   60    7   10 -128   79  -77 -128   27 -104   33   75  -81 -128 -128  107 -118 -128    5  -40   98 -101 -100 -118  -59  -42 -115  -24  -88  -69  -95  -35   20  -91 -128   33  -44   15  -51   60   57 -118   51   78    8  -90   47   40  -96  -14   16  -97  -66 -128  -66   59 -128  -94 -128  -43    0   61 -128  -52   52   82  -23]
 [  15   34   73  -41  -21  -54  -62 -127 -124   84   75 -128   82   17    7 -106   67  121   81   47   44 -104 -128  -33   23   29  -76   91  -30 -100   70   31 -128   -5  -92  -18 -128   27  -38   67  -71  -21    2   30   56   -5 -128  -70  -56  -13 -128   85  -18 -128  -24  -19 -106  -69  -59   85  -22   56  -90  -67  -24   47 -128  -56 -108   91  -17  -89 -128   83    0   11  -11  -65  -67  -95    9 -112  -23  -31]
 [ -52   39   86  -16   -3   14  -57  -49  -65 -128   59   73  -59 -128  -19  -45   71   55 -115  -48  -12 -128  -71    3   65   -3 -128   12   -3   10  -41 -128 -108   45 -125  -54 -100  -96 -128  -92  -65   21   -6 -114 -127  -11  -69  -59  -23   19 -121  -60   39  -35   19  -45   77   58  -13 -128 -128  -92   57   56   21   45   14    2   52  -26   39 -128 -125   25   55   82 -123   -7 -128 -128  -43 -104 -128 -128]
 [ -46 -128  -51   67  -50  -72 -128 -128   29   36 -128  -34 -128   86  -21   50 -128  -80   60  -26   20   31 -112   25  -28  -19   48   50   52 -128  -15   90 -128   35  -31  -35   20  -62   91    5  -53  -24 -128  -20 -120 -128   57  -46  -54   -5 -128  -88 -100    2   28  -17  -44  -62  -69  -36   65 -128  -61  -81 -128   77   -8   48   -3    1 -128   79   54   17  -14 -104   54   80   75   16 -122  -40   70  -24]
 [  69   82  -25   52   43   79   92  -64 -128 -128 -115 -121    9  -75  -29 -128   44  -32 -128  -20   41   51   63  -83  -56   30  -97  116  -55  -87  -96  -89  -34   16  111   38  -13 -128   42   14  -14   28  -17 -128  100   61  -13  -47   27  -57  -42  103  -95   95  -17  -18 -118  -91   56 -128 -119   27  -32   40   -7   69  -42  -69   58 -128  -79  -10  -86  -54  -98  -60  101 -104  -55   -3 -100   57   25  -91]
 [  54  -89  -12  -41  -93   15  -23   63 -128   62   22  -96  -25   15 -128 -128  -16  -74  -67   -8    6  -18   77  -55 -128  -29  -63   42  -97  -51  -73   38   50  -93  -40    5   44   -2   -5   28   16   39 -128    0   48    8   15    6 -100  -33   43  -68 -128  -37  -10   14   78   13   68   85   57  109   58 -128  -21  -85    7   17  -93 -100  -48   60   57   51   21  -28   -2 -112  -40  -15   64  -14   65   12]]
