[[[[ 118  114   93   89   27]
   [  26  121  110   50  127]
   [ -99  -37   14   53   22]
   [-128 -128 -128  -67  -18]
   [ -39  -63 -101 -118  -78]]]


 [[[  -2  -55  -88 -128  -58]
   [ 114   31  -87 -101 -128]
   [  -2  127    4  -86  -70]
   [  43  127  127   32   11]
   [  30   95  106  120   70]]]


 [[[ -15   -8   92  127   84]
   [   0   63   65  115   95]
   [ -95  -71 -100  105   69]
   [-111  -72  -33   45  120]
   [-128 -100 -128  -27  108]]]


 [[[  -9   73  117  127   99]
   [  51  115  127   27  -59]
   [ 127   90  -48 -121  -77]
   [  87  -20 -128 -128  -87]
   [  80 -100 -124  -55   55]]]


 [[[ -63  -14   54  -27    7]
   [-114  -44   40  -24   91]
   [-117   60  106   -7   54]
   [  79  127   85  -62   28]
   [  52   76   94 -107  -78]]]


 [[[-128  -53   42   93 -128]
   [-128   67  127   74  -45]
   [  61   79   81  100  -86]
   [  29   29   -6  126   85]
   [ -19  -69  -77  -80    7]]]]