[[[[-128 -108 -128 -109  -63]
   [-128 -128 -128 -128 -128]
   [-128 -128 -128 -128 -128]
   [  25    8  -18   92   45]
   [  61  118  114   58   71]]

  [[  18  -16  -74  -80   57]
   [  -9  119  -30  -69   61]
   [  27   16  -58  -57    5]
   [  69   43   50  -42   -6]
   [  12   44  -41 -120 -119]]

  [[  78  -21   41   63  -71]
   [ 127  -80   45  111  -92]
   [  68  -82   -4   68   -6]
   [  33  -64  -45   64  -15]
   [ -26  -53  -57  -24  -74]]

  [[ -43   63   48  -58   63]
   [-105   82   68  -60  113]
   [ -51  -17  -55 -128  -83]
   [ -34 -111  -43  -46    9]
   [ -14   31   45   11   59]]

  [[   0   27   15  -25   74]
   [  22    8  -76  -10   78]
   [  20    1  -47  -36  -12]
   [ -10   10    9   61   54]
   [   8  -38   43    8  -12]]

  [[ -37   39  -13   16  -12]
   [   4   -6  -57   -1   34]
   [  -1   66  -63   84   38]
   [  29    0    5   45   61]
   [  37  -77  -35  -11   42]]]


 [[[-101 -106 -126  -72  -10]
   [ -49  -38  -85 -128   61]
   [  58   69   82   45  -24]
   [ -70   14  117  127  104]
   [-105  -27   16   89   55]]

  [[  20   13  -13   43   43]
   [  70   62   64    9  -84]
   [ -75  -43   39   89   71]
   [ -57  -85  -11   25   24]
   [ -31   28   -8  -72   16]]

  [[   2 -128  -86 -128  -52]
   [  19  -13  -17  -74  -51]
   [  35   56   81   18 -117]
   [ -57    4   54   90  -10]
   [ -34  -99 -101   20  -63]]

  [[  39  127   66   79   53]
   [ -34 -128 -128    8  127]
   [ -78   20  -49  -97  -55]
   [  61   26   -6  -30  -50]
   [ -82  -52   20   52   35]]

  [[  50   19  -27   44  -10]
   [  -4   46   32   12   34]
   [ -27   40   19  -54  -29]
   [ -20  -61  -75  -66  -49]
   [  21    9  -30    4  -39]]

  [[ -20   76  -48  -18   53]
   [  77   75   39    8  -42]
   [  -2   29   73   45  -43]
   [  -8  -11  -10   93  -24]
   [   0  -64  -63  -15  -30]]]


 [[[ -68 -128  -14  -32   24]
   [-128 -128 -119   42   64]
   [ -40  -23  -88  -98  -34]
   [ -53   17  -69  -23   14]
   [ -68   16   -7  -59   22]]

  [[-128  -33   51  -46  -51]
   [-128   21   85  -30  -79]
   [-128  -25   96   20  -18]
   [-128   -2   28    3  -22]
   [ -11  -21   76   42  -32]]

  [[ 127   72   -2    6   36]
   [ 118   97  -75  -41   76]
   [ 106   41 -114  -62  100]
   [  39   80  -50   16   49]
   [   5   43  -32   20   56]]

  [[-128  -45   50   51    7]
   [-128  -98   79   62  -70]
   [ -22  -84   96   -7  -49]
   [ -10    5   51  -64    5]
   [ -20   -3   -9  -41  -67]]

  [[ -50   49   49   17 -126]
   [ -14  -12   66  -89  -51]
   [ -24   25   75 -119   58]
   [ -29   12  -14  -27   20]
   [ -21   15  -37   23  -12]]

  [[  54   54    2  -21  -45]
   [ -16   69   25  -85  -52]
   [ -70   86   59 -100   78]
   [ -25  101  -10  -90   20]
   [  -1   54   -8  -26   11]]]


 [[[ -52 -103  -67 -119 -128]
   [ -29  -46 -128 -128 -128]
   [  82   -5 -101 -128  -27]
   [   4 -108 -128  -76  -26]
   [-110 -128  -92  -51    9]]

  [[  63   29    6  -18   49]
   [  63   76   12    0   74]
   [  63   23  -19   72   42]
   [ -83  -85   -8  -52   70]
   [ -93 -122  -44   35   24]]

  [[ -19  -88   43  -35  -41]
   [ -50  -32   32  -89  -86]
   [ -18    9   78  -57  -75]
   [  54   65   54  -40   15]
   [  37   98   44  -13   -1]]

  [[ -68  -16 -112  -54   41]
   [ -22  -43 -128  -94   67]
   [  78    5 -113   55  108]
   [  41  -97  -53   69   63]
   [-110  -48  -44    9   42]]

  [[ -44  -48  -60   13   30]
   [  29  -11   11   28   34]
   [ -15   -7   48   48   13]
   [ -70  -32   40   68  -50]
   [   4   18   70   15  -18]]

  [[  23  -26  -62  -24   21]
   [  45  -17  -37  127    4]
   [  18  -63  -55   33   13]
   [ -15  -30   39   68  -17]
   [ -69   39   95   46   19]]]


 [[[ -91  -22 -103   12   42]
   [ -75 -113  -41    1   34]
   [ -41  -84  -22   57   26]
   [-128 -117  -29   62  -26]
   [-107 -121 -128  -70   75]]

  [[   8  -21   21  -44  -77]
   [ -44   -1   31   35  -60]
   [ -65   14  -37  -61  -39]
   [  -6  101   -4  -64  -44]
   [  59   77   26   -5  -94]]

  [[ -25  -52  -15  -37   45]
   [  69    5  -84  -94   37]
   [  96  -31  -95   -4   94]
   [ -13 -128  -84    2   95]
   [  19  -96 -128  -54   59]]

  [[   0    1   17   25   33]
   [ -52  -41   89   18   47]
   [ -74   81   96   19    3]
   [ -10  127  111  -40  -19]
   [   0   18  -41  -51  -87]]

  [[  26   -2   18  -14    7]
   [ -24   58   49   -3  -36]
   [  18  127   -7  -61   37]
   [ 110   82 -128  -25  -31]
   [  61  -17  -93  -66  -27]]

  [[ -37   -8  -23  -22   13]
   [ -24  -13   38    7  -27]
   [ -42   73  -13 -101    8]
   [  55   88 -128  -67   11]
   [  97  -30  -75  -56   20]]]


 [[[ -25   27   32  -10   83]
   [ -60  -23  127  127  104]
   [  80    0  -26   32  102]
   [  64   39  -17  -95 -104]
   [ -99    9   76   76  -15]]

  [[ -70  -94  -42  111   81]
   [  70   65  -95 -100   12]
   [-128    3  107  -73 -128]
   [ -35   97  110   85   29]
   [ 109   57   79   52   16]]

  [[ -41   53   91   78   84]
   [-128 -101   78  127  127]
   [ -85 -118 -101   25  109]
   [  40  -49  -27  -62  -35]
   [ -46  -21   -4   12  -12]]

  [[ -69  -93 -128  -87  107]
   [-110 -128  -79  -67  -69]
   [  -1 -128 -128  -69  -33]
   [ -40   51    5  -10  -13]
   [ -44   60  127   37   39]]

  [[-128  -85  -21  -28   40]
   [   1  -81  -47  -61 -128]
   [ -98  -68  -70  -41  -46]
   [ -92   78   43   24  -25]
   [ 115  107  101   -8   -1]]

  [[-104  -44  -12   37  -40]
   [-105  -87  -32   37   64]
   [  11  -37 -128 -128  -30]
   [-113  -33   41  -34  -59]
   [  32   67  100    6   11]]]


 [[[ -13    1    7  -54  -22]
   [ -15 -128 -128 -116  -70]
   [ 127  105  -14    2   63]
   [  78   88  107  124  109]
   [ -37  -71  -92  -33  -42]]

  [[ -23   -8 -114 -128  -43]
   [  12   19   22   78   92]
   [  34    7   46   15  -52]
   [ -52  -50  -95  -84  -65]
   [ -20  -33    6   99  -31]]

  [[  16  -77 -105  -53    8]
   [ -35  -75 -128 -128  -53]
   [  -6  -64  -72  -30   35]
   [ -68   69   86   80   47]
   [ -98  -96  -69  -51  -49]]

  [[  -1   46   97   28  -11]
   [ -79  -21   37  -29 -128]
   [  30  -72  -96  -25   57]
   [  82   89  121   92   83]
   [ -39   83  -40  -51  -11]]

  [[   1   20  -95 -128  -76]
   [   1   23  -71   31   76]
   [ -34   39   83  127   63]
   [ -32  -14  -99  -85   20]
   [ -64  -31   27   29   20]]

  [[  56   51  -48   23  -42]
   [ -56  -77  -90 -114  105]
   [  56   57   71  121  124]
   [ -11    0   -8  -57    2]
   [   3  -16    6    5  -18]]]


 [[[ -55   15  116   44  -91]
   [  55   40  -47 -128 -116]
   [ -31 -128 -128  -73 -128]
   [  18 -128  -82  -44  -68]
   [ -55  -61   35  -21  -24]]

  [[ -64 -128  -13   48   74]
   [ -28   30   19   45   44]
   [ -17  -61   26    6   19]
   [ -44  -36  -29  -64   38]
   [ -39  -26  -63  -13   10]]

  [[  82   18   88   51  -23]
   [ -52   21   58  -28   11]
   [ -18  -35 -102   -8   12]
   [  19  -55  -86   23  -67]
   [ -16  -58  -21  -13   16]]

  [[ -39   59   67 -114  -56]
   [ -54   -2  -97   11   99]
   [ -27 -115   53  104   91]
   [ -33   -5  127  127    3]
   [ -24  100  104  -47    6]]

  [[   6  -34  -69  -74   36]
   [ -38  -90   -4   43   68]
   [-128   76   58  127    8]
   [  -3   90  112  -23   32]
   [  62   66   -2  -38  -35]]

  [[ -34   32   52  -85  -15]
   [  11  -71  -27  -36  -14]
   [ -63 -128   24   96   12]
   [-128   69   90   36  -43]
   [ -11  112   -5  -31   51]]]


 [[[ -16   74   29 -128  -75]
   [  -8   -4   22   -3 -128]
   [ -52  -98  -48   23  -62]
   [ -11   39  -36  -28  -93]
   [  74   24   65   -7  -39]]

  [[  -4  -58   94  127   94]
   [ -64  -43  -46   46  127]
   [  25  -42  -60  -45   58]
   [ -15   17 -103 -128  -51]
   [ -50   25  -77  -78  -74]]

  [[  18   56  117    4 -128]
   [ -43    0  113   79 -128]
   [ -48  -15   15   39  -12]
   [  16    7  -50  -31   -1]
   [ -10   -5  -35  -62  -52]]

  [[  39  -15 -128 -128   13]
   [  36   34  -54 -116 -102]
   [ -69  -20  -21  -19  -64]
   [  -6   58  127  -40    8]
   [  30   52   22   49   54]]

  [[  41   50  -44  -30   16]
   [ -32  -29   80   11  -18]
   [  15   10   -8   15  -11]
   [  -8   -9  -11   57   64]
   [ -31   12   18   18   62]]

  [[   8  127  103   44  -44]
   [  -3  -21   30   41  -42]
   [   6  -27  -13   84   28]
   [  37    4    1  -37   20]
   [ -40  -40  -28   44   62]]]


 [[[  78   36   21  -37  -31]
   [ 127  127  127   97  111]
   [  26   73   34  -42   18]
   [  45   50   74   29 -122]
   [ -14   47   97   61  -63]]

  [[  -3   61   20   51   49]
   [ -92  -89  -61  -25  -84]
   [ -67  -22  -36  -84 -128]
   [   2   -2   41  -17  -34]
   [ 118   71   74  103   77]]

  [[  69   52    3  -35  -41]
   [   5  104   50   27    6]
   [ -79  -10    1  -40   -1]
   [   5   -6  -23  -23  -15]
   [   3   26  -17  -12    7]]

  [[-128 -128 -128  -38  -84]
   [  43   90    5   38  -11]
   [  15  -66  -12   23  -33]
   [ -98  -66   -2  -26 -128]
   [  31   76  -16 -118 -111]]

  [[ -18   14   33    3   37]
   [  -7  -23   -8  -61  -71]
   [-109  -77  -65 -117  -82]
   [  11  -49   14 -102  -32]
   [  93   72  -11   32   -5]]

  [[ 112   40   35   50   49]
   [  10   -2  -21  -40    3]
   [ -67 -128  -55 -106 -128]
   [ -70  -19  -23  -31  -11]
   [  35   46   45  -53   10]]]


 [[[  58   -1  -94 -120  -73]
   [-128  -98   -6  -18  -38]
   [ 127  127  111   53  -36]
   [ 124  116   47  -14  -36]
   [ -26   28  -35  -49  -63]]

  [[ -18  -37   41   71   56]
   [   3   41  -15  -48  -25]
   [   7   20  -43 -128  -50]
   [  79   19  -43  -51  -73]
   [ -10   38   -3  -19  -38]]

  [[ -30   57  127   33 -128]
   [ -33   13   89  -86 -107]
   [  12   71   -9  -55  -30]
   [  -3   -8  -36 -117 -106]
   [ -37   11  -13  -76  -54]]

  [[  37  -58    1   11   99]
   [ -51  -16  104  127   25]
   [  16  116  127   36  -72]
   [  12   33  -34  -58 -128]
   [ -79  -67  -97 -105  -58]]

  [[  28   -7   59   38   -4]
   [ -24   72  112   93  -71]
   [   4   52  -19  -35 -128]
   [ -38  -51 -116  -91 -107]
   [ -30  -35  -81  -44 -125]]

  [[  30  -33  -40   14  -22]
   [ -35   53   93   75  -75]
   [  55   67   77   26 -128]
   [ -35  -25 -104 -128  -71]
   [ -53  -30  -54  -59  -95]]]


 [[[ -64  105   97   69   43]
   [ -61   26   82   67   13]
   [ 109  -29 -128 -112  -43]
   [  61   31  -11   17  -26]
   [ -74  -25   16   38   44]]

  [[  45 -128   42   70   38]
   [ 127   95  -51    3  123]
   [  52  113   90   32   32]
   [ -47   26   63  -47  -30]
   [ -80  -79  -22  -32  -94]]

  [[ -83  -15   94    7  -52]
   [-128 -128   30  -28  -94]
   [  22  -41  -21  -99  -65]
   [  29   45   34   10   15]
   [ -25   18    9   -8   21]]

  [[ -15   28   28  -67  -48]
   [ -14  -20  -62  -88  -73]
   [ -64 -128  -87  -70  -23]
   [  58  -54   32   32   62]
   [  42   46   87    5    1]]

  [[ -40   -8    0  -70  -84]
   [ -63   59  -42   -9  -28]
   [  34   -8   12   39  -11]
   [  53   45  -11  -36  -51]
   [  34   65   30  -26  -49]]

  [[ -64   57  127  103 -113]
   [ -44   60  -58    5  -85]
   [  84   24   31  -11   21]
   [  10  -15  -50   10   33]
   [  18  -22   -7  -31  -41]]]


 [[[-128 -111  -59  -27   18]
   [  32   18   13   35   59]
   [ 106  115  127  127    5]
   [ -30   43  -40  -96 -128]
   [ -11  -67  -79    5   58]]

  [[  45   54   44   38   20]
   [ -29   23   86   52   17]
   [-128 -111 -128 -128 -128]
   [ -37  -37  -88  -68  -33]
   [ -62    5  -11   33  -14]]

  [[ -12  -86   51  -90 -110]
   [  62   71  -30   -7   28]
   [  39   41   35    1   44]
   [ -69  -54  -66  -58 -105]
   [ -35  -54  -23    5   31]]

  [[  14  -24   23  -28  -15]
   [ -13  -55  -21   73   69]
   [  41   28   87   79   -9]
   [ -85  -13   19 -102  -11]
   [  38   27  -25   68   91]]

  [[  28  -22  -33  -42   87]
   [ -36  -11   42   90   14]
   [ -66  -60  -58 -115  -68]
   [-128  -76 -110   62   81]
   [ -38  -46  -10   44   65]]

  [[ -69  -35   -1  -40    0]
   [  48  -39   33   67   81]
   [ -35   32   21   27  -10]
   [-128  -78 -128 -105    0]
   [ -71  -40  -30   62   61]]]


 [[[  14   31  -77 -128  -77]
   [ 110   53   37   -7  -34]
   [ -49   68   87   89   41]
   [ -71  -34   47  127  101]
   [  87  -32   13  -19  -31]]

  [[  33    0   35   14   -9]
   [  10    8  -34   47   35]
   [ -55 -128 -113  -34   94]
   [ -11   34  -74 -103  -42]
   [  14   73   20    5  -47]]

  [[  41   20   -6  -62 -128]
   [  -1   61   48   91   -7]
   [ -83  -42   31   87   35]
   [ -15  -90  -49   42   19]
   [  47  -56  -57 -128  -96]]

  [[  75  -30  -68  -69    8]
   [ -51   -1   14  -43   -1]
   [  57   58   25  -63  -73]
   [ -41  -39   14   34   45]
   [ -21    0    6  -26   11]]

  [[ -18   19   94   51   42]
   [  -7    3   -6   -3   28]
   [ -10  -69  -71    7   -2]
   [ -53  -29  -78  -32  -21]
   [  -5   19  -16   13   20]]

  [[   8  -16   47   33   -1]
   [ -44   79   82  -12  -38]
   [ -33   -6  -20   44   32]
   [  14 -105   -8  -61   25]
   [  32    2   -8  -67   14]]]


 [[[ -40   33   41   -3   -2]
   [ -71   56   69   87   98]
   [-120  -33  100  127  127]
   [  52  -11   27   69   63]
   [  70   76   42   55   72]]

  [[ -55 -116  -50  -45 -128]
   [   4 -115  -35  -38  -20]
   [  86   22   55   46   -1]
   [  92   81   83   70   75]
   [ -35    0   76   56    5]]

  [[ -48   -9   -7  -16   -7]
   [-128 -128  -27  -57  -50]
   [-128 -128  -61  -67  -55]
   [  77  -47  -63   34   17]
   [  82   54    9   30    7]]

  [[ -35   54    0    9    0]
   [  49   40  -17   18  -16]
   [ -21  -41  -67  -57 -106]
   [ -71  -53  -29   -5  -30]
   [  32   21   22    2  -36]]

  [[ -23   14  -33   20   10]
   [  20  -43  -27  -39  -93]
   [  10    5   11  -32    5]
   [  16    4   72   46    4]
   [ -33   22   29  -26  -17]]

  [[ -37   35   43  -27  -10]
   [ -45   16  -33  -21    4]
   [ -12  -56  -18  -29  -29]
   [   6   10   60   29    5]
   [  62  127   42  -32   31]]]


 [[[  69   50   56   34   -8]
   [ -12   34   32   29  -89]
   [  62   -3   -4  -45 -128]
   [  97   42  -67   28    5]
   [  76  -79  -18   48   72]]

  [[ -61   17    4   22   14]
   [ -36  -29  -36 -128    6]
   [  22  -53 -109 -128  -10]
   [ -91 -128  -97  -88  -35]
   [  -9  -17   36  -75  -16]]

  [[  91   -8   -4   68   14]
   [  13   -3  -13  122   20]
   [  41  -60 -103   71   60]
   [ -53  -60 -100  127  127]
   [-128  -67  -63   53   65]]

  [[ -22   73  -24  -85  -82]
   [  -2   10  100   27  -67]
   [ -16  102  -16 -128  -76]
   [  52   47  -68   27  -13]
   [  48  -10   55   51    0]]

  [[  21   54   -5   35    3]
   [  11   -8  -50 -108   37]
   [  -4    3  -90  -29   65]
   [ -29 -128  -47   26   52]
   [ -52  -42  -68  -27  -59]]

  [[  12  -32    2   98   67]
   [ -31  -13  -87    2  -16]
   [ -10  -12  -93  -46   99]
   [ -58  -66  -94   60   74]
   [ -92 -123  -71  -90   94]]]]