[[ -27 -128  -55  127 -125 -128 -127   52  127 -128  -68   67  -44  -11   62 -128 -128  127  -57  -48   67 -128  127 -128  -81   35  127  -75  -75  127  127 -120  127  -80  -29 -128   39   94   51 -128   54   63 -106   76  119 -128   84 -128   17  117  -25  -95 -108  107  -54  -83  -81  -32  127  -83 -128  -47   53  -85   -7 -128  127  123  -14  -17  -58  127   67 -128   55 -105  -54   81    4 -128  -73   71  -31   34]
 [ 127  127  -80  -66  -25 -128  127  -76 -128 -128   28  -89   48   -4   69  127 -128 -125   22  -70  -42  -56  127    7  -58 -128 -128 -128   80 -128  127  -23 -128 -128  -23 -128  127  -63   55  127 -128 -128  -50  127 -107 -128  -76  127  127  -39  -58 -128 -128 -128  127  -72   19  127 -128   88   41  -97  -47  -16   24  -51 -128  126 -128  -18 -128  127   38   30  -98  127  101  -32 -128  127   58  127  127  127]
 [ 127   58   68  -10 -128 -128  127   15 -128 -128  -49   -1  -65  -14  -37   39   81  127   89   65   60   46 -128  -18 -113 -128  -19  127 -104    2 -128 -128    6   92  -57 -128 -128  -47   26 -128 -128 -128 -128  112  127  127  -88 -107 -128   52   54  125  127  -65  -79  -83   53  127  127   51   76  -67   -3  127  -66   -9  -32 -128 -127   41  127   95   59 -128  114 -128  -56   10 -128 -125  127 -128   85  127]
 [-128  127  -64 -128 -110 -128 -128  -74 -128 -128   72   55   33  127  127    3  -75   34  -66   21   80   57  -55  127  116  127 -128 -128   84  127  -17  -25  105 -128   84  109 -128   76   66 -128 -128   82  127  -99  -50  112 -128 -128 -128 -128 -128   77  -12  127 -128  -86  -36  -99   86  -82  127   79   37  127   75    3  127  -98  127 -128 -128 -128   84  127 -128  127  -66  -93 -128 -128    4 -128  111 -128]
 [-128  -63   44  -64  127 -128 -127  -59   38 -128  106  -60  -12 -112 -128 -113  127 -128  -20   74   29 -128  127  127   62 -128 -128  -80   19   10  -27  127  106  127   90 -122  127  -72  -65  127  104 -128 -128   64  -31 -128 -128   33  109 -128    0    4  127   40  127    9  -76    5 -128   11 -128 -128  -78    4   66 -128  -16   91  127 -128 -128  127  127 -123  -21  -47 -128    5  127  127  -50  127  117 -115]
 [  19 -128  -56 -128   64   27 -128  -41   76  127   67  -68   58 -128 -128  -39  -55  100    2   80  -21   75 -128  110   80  -73   -6 -125   25 -128  -11  -98 -128  -43   63  127 -128  -59  -71  127  127 -128  127   10   33   -5  127   35  127  127   69   34   27   64 -128   18  -90  106  -79  -70  127  127  -63 -128  -14  127   -4  -27 -128  -92 -128 -128   85  127  -22   52   74   10 -128 -128 -128 -128 -128 -128]
 [-124 -128   27 -128 -128  -19 -128    9  127  -23  -53   79  -38   20 -128 -128 -128  106   90   69   87   75  -18 -128  -77  -22  -15  -26  -30 -128  127 -128 -128  127 -105 -128  117   54    2  127  127 -128  -77   21  -68 -128  127 -128   94   66 -128   84   89 -128   81  -93  -21  -58   92   81  127 -128  -78 -128  -74   22   38  127 -112 -128   -7  127  -80 -128  127  127  127  -76  127 -128 -128   44  -70  -41]
 [ 127   20  -20  127  127  127   40  -45 -128 -128 -128  -26  -87 -128  127  127   39 -128  -17  -30  -30  127   79  -35  -77 -128 -128 -128   74  127  -47 -128  127  -93  -66  127  127  -33   62  127  -36  -84 -119 -128   41   78   61 -108   61   89  127    7  -34 -128  -11   63  -47  127 -109  -89 -128 -112   84  127  -54 -128   25   36   73  127 -128 -112  -62 -128 -128  -90   79  -56 -128   69 -128  -81  -72  -54]
 [ -24   78    2 -128 -128   71  -63   32  127   29   -6  -50  -90  -96   11   15 -128 -128   30  -20   57   86   26 -128  -19  127  127  127  -34    7 -128  127 -111 -128  -39  -86 -128  -51   19 -105  -89   59  -62 -128  -75  127   32  127 -128 -128 -128    3 -128   63  127   22   90 -128 -128  -64  127 -128   14 -119  -22  127  127  127 -128 -128  127 -111   58 -128 -128   28 -128  -37  127  127  118  -95   35 -128]
 [-128 -128   41  -56  127  127   52   31  114 -128  127   -2  -54  127  -88  -84  127  -19  -48   31   44 -128 -128  127  -86 -107  127 -128   13    5 -128  127  -32 -128  -54  -95  -84    1  -88 -109 -128   36  127  -47 -117 -107  -88  127 -128 -128   77   -1  127  127   13   80  -83 -128   48   83 -128  127   74 -128  -89  -80 -119 -128  127  127  -12 -128  -77  -21 -128 -128  -20 -104  127  -86  -21  127 -128   57]]
