Channel 0:
      0       7      16      14
      5      10      13      12
      2       0       1      12
      0       7      14      16

Channel 1:
      4      11       6       0
      0       0      17      17
     12      12      14      18
     21      16       0       7

Channel 2:
     13      21      16       3
      1       1      13      14
      0      14      18      13
     30      31      24       1

Channel 3:
      0      10       9       5
      0      14      15       7
      2       6      10      13
      4       0      15      18

Channel 4:
     26      32      27      17
      0       4      16       2
      0       0      24      23
     20      15       9      14

Channel 5:
     12      15      12       1
     11       7       0       0
      3       8      10       4
     11      22      21       0

Channel 6:
     20      24      21      20
     16      25      19      13
      6      28      34      12
     18      22      15      10

Channel 7:
     30      35      19      12
     24      29      14       0
     14      20      20       0
     14      18      18       5

Channel 8:
      0       5      14      15
      0       3      26      25
      0       0      23      31
      0       0       9      27

Channel 9:
     21      35      37      32
     23      24      15       3
      5       7       3      11
      0      32      44      28

Channel 10:
     23      31      27      15
      0       0       0       0
      0       0       3       4
     23      26      13       0

Channel 11:
      0       5      17      16
      1      12      21      19
      5       1       3      19
      1       0      16      25

Channel 12:
     28      34      27      16
      0       4      13       4
      8       9      19      14
     20      16       5       3

Channel 13:
     21      21      20      19
      5       3       0       0
      0       0       0       0
      0      15      14       7

Channel 14:
     19      25      13      10
     17      34      25       0
      0       8      14      10
     14      14      19      17

Channel 15:
     16      11       0       0
      0       7      16      16
     13      31      30      14
     38      34       0       0

