Channel 0:
      0       0       0       0   12416   26403   31781   33107
      0       0    8363   31610   52976   65920   58733   46867
  19027   18709   31867   41005   53786   55462   51089   35965
  22148   12443   11984    4977    3129    4170   18838   28722
   9529       0       0       0       0       0   14631   31640
      0       0       0       0       0    5696   37491   49833
      0       0       0       0   13965   43876   64973   67878
      0       0       0   29925   46836   61304   66477   57980

Channel 1:
  11936   18658   42527   45765   28466    8988       0       0
      0       0       0       0       0       0       0       0
      0       0       0       0   22619   27914   13050       0
      0       0       0       0   34680   69983   70448   47868
      0       0       0    2626   24012   58893   77711   73975
  39826   50217   52547   38274   19339   22674   47772   61396
  88689   90010   67720   32216       0       0    8961   29200
  67091   53421   16000       0       0       0       0    4032

Channel 2:
  39561   57244   79952   86313   66899   38571   15146       0
   2540       0       0       0       0       0       0       0
    570       0       0    6166   25643   30805   22192    5427
   6829    4369       0    4075   28700   57172   59904   39047
      0       0       0       0    7298   38803   55447   47628
      0       0   26672   59273   77280   62845   38039   23281
  32344   75338  115298  129816   98946   44821    6568       0
 104719  124231  104960   60407   12256       0       0       0

Channel 3:
      0       0   11442   20258   12527   15998   11420   22109
      0       0   11933   43490   40657   32784   18513   18423
      0       0   18640   58393   63910   54260   21457    4179
      0       0    7552   39587   51432   53851   32352    5132
      0       0    7411   27431   33475   42666   40929   15237
  10904    1845       0       0    7397   37932   55432   30010
  20476     111       0       0       0   45409   75995   48089
      0       0       0       0   15921   63512   74885   37717

Channel 4:
  61325  106680  134871  132635  111362   89184   73435   60187
      0    7458   38936   36367   10907       0       0       0
      0       0       0       0       0       0       0       0
      0       0       0   19684   66413   54079   11265       0
      0       0       0       0   51134  100411   84679   41807
      0       0       0       0   13111   72612   94894   72648
  28775   35471   30939   20995   19078   37061   59209   55732
  85053   84656   63877   35078   14620    6630   13182   16002

Channel 5:
   1595   37562   56127   62389   50040   29374    7504       0
  30988   52810   53031   44100   15806       0       0       0
  45105   47369   31720    3245       0       0       0       0
  30802   35498   23445       0       0       0       0       0
   9012   13866    9836       0       0   14319   17153       0
      0    6672   17036   34519   41951   43784   13192       0
      0   16392   45434   73276   88357   56281       0       0
  18161   45148   76608   91837   73943    7910       0       0

Channel 6:
  62108   81099   72944   54560   42452   31084   22921   19918
  51240   84895  100487   94322   84677   86078   85033   68957
  24699   67768  103931  101467   81480   66390   54043   41446
   1320   31140   63025   80658   72006   43379   13193       0
      0    2713   38931   95978  127891  114660   49668       0
   4178   27633   66429  115738  143280  120724   49335       0
  47876   77575   92834   87019   62164   36824   18110    6524
  72146   68426   46386   21594   19779   32880   41097   31811

Channel 7:
  74324   90866   90549   72221   60040   55802   51327   42507
  86487  124706  144738  112758   80321   55667   39652   24642
  68646   98481  120614   94545   58371   13217       0       0
  38765   57626   69598   65489   57602   16444       0       0
  22290   45215   64341   78362   84901   51555       0       0
  31131   57690   72346   82609   72329   35828       0       0
  43202   53332   59352   57997   49393   30108   11217    9672
  55917   58638   66986   76448   75482   47254   21675    9998

Channel 8:
      0       0       0   22507   32974   34945   39068   41557
      0       0       0    7874   46864   60636   65060   58444
      0       0       0   13647   75092   97144   95160   73029
      0       0       0       0   69175  107382  106391   71219
      0       0       0       0   27840   97824  124891   91647
      0       0       0       0       0   74972  129173  114937
      0       0       0       0       0   40032  100097  112679
      0       0       0       0       0   35995   84412   94103

Channel 9:
      0       0   21266   63956  102224  128497  131084  111917
  56487   86626  126902  147395  153893  144841  117373   79395
  72923   98089  100044   80910   63877   35472   14676    4073
  46509   66811   63642   36108       0       0       0       0
  13435   24538   28675   12963       0       0       0    4796
      0       0       0       0       0   12450   34622   45486
      0       0       0       0   68443  117703  114969   77848
      0       0   47179  132349  182557  176776  118778   50763

Channel 10:
  66758   97612  122266  127874  113010   92782   63308   33392
  38490   40406   25131       0       0       0       0       0
      0       0       0       0       0       0       0       0
      0       0       0       0       0       0       0       0
      0       0       0       0       0    1354   10136   16597
      0       0       0       0       0   12338   12343   13356
      0    9227   31562   53650   54326   32071       0       0
  68421   96664  108968   84942   33621       0       0       0

Channel 11:
      0       0       0       0    5253   13958   27921   30874
      0       0       0   23421   61356   70648   67403   62312
      0       0    4397   53244   83904   89853   80259   55249
   5750    4092   10858   38961   50705   49107   55672   48854
  12902    9657    6356    7590   11450   15288   46799   63055
  22984   17235     684       0       0    4529   63031   81787
   6940       0       0       0       0   21495   86624   96079
      0       0       0       0   17897   67162  102830   83176

Channel 12:
  75532  114695  140343  126354  110922   85468   66218   47156
  18917   42659   63493   50416   22107       0       0       0
      0       0       0       0       0       0       0       0
      0       0       0   18174   53888   52665   20309       0
      0       0   13263   39047   65109   79845   59420   31740
  36068   34049   23389   12510   18721   30878   35834   33500
  63873   59279   49418   34936   20746   16955   12419   14784
  82394   84322   69442   41605    9370       0       0       0

Channel 13:
  36543   53035   60127   67226   70728   82821   80060   62509
  69174   86516   87283   70073   37784   20738   13218    8451
  21259   19388   10319       0       0       0       0       0
      0    4284   14414    9538       0       0       0       0
      0       0       0    3603       0       0       0       0
      0       0       0       0       0       0       0       0
      0       0       0       0       0   17699   27167   24440
      0       0   38944   62671   57632   41758   32741   26761

Channel 14:
  44895   78822   84220   65218   42227   40423   42335   38643
  28058   75531  102760   92950   55206   35533   30583   34984
  25293   71980  118642  139734  102137   45464    3072       0
  17065   39134   79468  115753  106022   49119       0       0
    801       0   13030   34063   54353   43440    2975       0
      0       0       0   17944   49820   59972   43956   12382
      0    2927   23428   41680   56471   68206   68895   42470
  58182   58028   54223   57717   71063   79458   71374   49504

Channel 15:
  63956   67665   48617   17296       0       0       0       0
      0       0       0       0       0       0       0       0
      0       0       0       0    1275   33544   46778   43210
      0       0       0   32528   57868   68377   66284   47191
      0       0   10766   69204  112682  106202   61240   26294
  28007   55013   93336  128769  126305   78908   18866       0
 118566  155757  142257   80670    3239       0       0       0
 117373   83498    5434       0       0       0       0       0

