Channel 0:
      0       0       0       0       0       0       4       7       8      11       9       1
      0       0       8      19      25      32      39      39      35      34      25       9
      0       1      19      43      57      57      55      51      36      29      16       4
      0       1      19      35      49      45      30      17       9       0       0       0
      0       0       6       6      25      23      22       4       0       0       0       0
      0       0       0       3      18      21      36      33      14       0       0       0
      0       0       0       0       7      12      31      35      35      14       0       0
      0       0       0       0       2      14      32      41      34      18       1       0
      0       0       1       9      26      43      53      53      30      10       0       0
      2      12      25      42      53      52      48      30       5       0       0       0
      9      27      42      53      50      32      10       0       0       0       0       0
      9      23      26      20       9       0       0       0       0       0       0       0

Channel 1:
      0       0       0       0       0       0       3       4       3       7       0       0
      0       0       8       9       8       8       7       7       5       8       0       0
      0       1      18      17       7       5       3       0       0       0       0       0
      0       1      15      13      11       0       0       0       0       0       0       0
      0       0       6       7      16       3       0       0       0       0       0       0
      0       0       0       4      14       9       3       0       0       0       0       0
      0       0       0       0       8       8       8       6       0       0       0       0
      0       0       0       0       2      12      19      18       0       0       0       0
      0       0       1       8      14      15      16      10       0       0       0       0
      3       9      12      13      15       8       0       0       0       0       0       0
      9      15      13       6       0       0       0       0       0       0       0       0
      8       9       2       0       0       0       0       0       0       0       0       0

Channel 2:
      0       0       0       0       0       0       4       7      11      13      12       5
      0       0       9      20      30      36      43      43      38      35      24       9
      0       1      18      36      48      51      50      40      27      10       3       2
      0       0       2       5      15       9       0       0       0       0       0       0
      0       0       0       0       0      14      21       5       0       0       0       0
      0       0       0       0       0      15      34      34      18       2       0       0
      0       0       0       0       0       0      21      32      31      17       0       0
      0       0       0       0       2       9      13      24      29      20       1       0
      0       0       1      10      28      42      42      30      12       7       0       0
      3      13      29      43      42      40      22       0       0       0       0       0
      9      27      43      42      24       0       0       0       0       0       0       0
      2       2       0       0       0       0       0       0       0       0       0       0

Channel 3:
      0       0       0       0       0       0       4       7      11      13      12       5
      0       0       9      21      30      37      43      42      35      30      23       9
      0       1      20      43      55      53      53      48      33      23      10       0
      0       1      20      41      50      48      39      23       9       8       0       0
      0       0      11      22      39      37      15      11       1       0       0       0
      0       0       0       4      28      31      26      27      15       3       0       0
      0       0       0       0      12      25      30      30      23      13       0       0
      0       0       0       0       2      16      46      59      45      12       1       0
      0       0       1      10      28      48      56      63      44       2       0       0
      3      13      29      47      58      56      53      35       8       0       0       0
      9      27      46      53      53      38      15       0       0       0       0       0
      9      26      29      25      15       0       0       0       0       0       0       0

Channel 4:
      0       0       0       0       0       0       1       2       2       3       1       0
      0       0       4       8      15      21      28      30      30      31      23       9
      0       1      18      38      53      55      56      53      43      35      26      10
      0       1      19      40      60      56      53      43      31      13      12       4
      0       0       2      19      44      42      29      13      10       0       0       0
      0       0       0       2      20      38      42      26       8       0       0       0
      0       0       0       0       3      29      43      48      34       9       0       0
      0       0       0       0       0       6      30      53      51      25       1       0
      0       0       0       5      16      33      46      50      48      29       1       0
      0       6      15      32      45      48      49      46      32      15       0       0
      9      27      44      48      48      47      35      19       9       1       0       0
      9      24      35      38      34      22      10       1       0       0       0       0

Channel 5:
      0       0       0       0       0       0       3       4       5       6       0       0
      0       0       7       7       6       6       5       3       4       4       4       5
      0       0       6       3       2       0       4       6      11       9      10       7
      0       0       2       8      12      10      14      10      14       7       4       0
      0       0       2       9       8      11      13       5       0       0       0       0
      0       0       0       2       3       8       9       7       1       0       0       0
      0       0       0       0       3       2       2       8       6       2       0       0
      0       0       0       0       2       9      10       6       3       7       1       0
      0       0       1       7       7       6       1       3      15       9       1       0
      3       7       7       7       0       2      14      15      13       4       0       0
      6       6       0       5      13      16      16      10       1       0       0       0
      0       5      10      11      12      11       2       0       0       0       0       0

