00
00
00
00
00
00
00
00
00
00
00
00
00
00
00
00
00
00
00
00
00
00
00
00
00
00
00
00
00
00
00
00
00
00
00
00
00
00
00
00
00
00
00
00
00
00
00
00
00
00
00
00
00
00
00
00
00
00
00
00
00
00
00
00
00
00
00
00
00
00
00
00
00
00
00
00
00
00
00
00
00
00
00
00
00
00
00
00
00
00
00
00
00
00
00
00
00
00
00
00
00
00
00
00
00
00
00
00
00
00
00
00
00
00
00
00
00
00
00
00
00
00
00
00
00
00
00
19
4f
7e
4f
19
00
00
00
00
00
00
00
00
00
00
00
00
00
00
00
00
00
00
00
00
00
00
18
77
7e
7e
7e
76
00
00
00
00
00
00
00
00
00
00
00
00
00
00
00
00
00
00
00
00
00
1b
71
7e
7e
77
74
7e
1c
03
00
00
00
00
00
00
00
00
00
00
00
00
00
00
00
00
00
05
1e
70
7e
7e
7e
65
2a
7e
7e
3c
00
00
00
00
00
00
00
00
00
00
00
00
00
00
00
00
00
51
7e
7e
7e
7e
7e
7e
30
5e
7e
53
00
00
00
00
00
00
00
00
00
00
00
00
00
00
00
00
19
77
7e
7e
5f
38
7e
71
17
27
7f
54
00
00
00
00
00
00
00
00
00
00
00
00
00
00
00
18
77
7e
7e
59
06
25
3c
0a
00
00
7e
79
19
00
00
00
00
00
00
00
00
00
00
00
00
00
13
52
7e
74
68
2a
00
00
00
00
00
00
7e
7e
52
00
00
00
00
00
00
00
00
00
00
00
00
03
59
7e
78
23
09
0e
00
00
00
00
00
00
7e
7e
61
00
00
00
00
00
00
00
00
00
00
00
00
1c
7e
7e
1f
00
00
00
00
00
00
00
00
00
7e
7e
61
00
00
00
00
00
00
00
00
00
00
00
00
63
7e
5f
00
00
00
00
00
00
00
00
00
00
7f
7e
61
00
00
00
00
00
00
00
00
00
00
00
26
7b
7e
38
00
00
00
00
00
00
00
00
00
00
7e
7e
49
00
00
00
00
00
00
00
00
00
00
00
2a
7e
73
0c
00
00
00
00
00
00
00
00
03
43
7e
5d
06
00
00
00
00
00
00
00
00
00
00
00
2a
7e
6f
00
00
00
00
00
00
00
00
03
41
7e
70
23
00
00
00
00
00
00
00
00
00
00
00
00
2a
7e
48
00
00
00
00
00
00
00
18
52
7e
56
00
00
00
00
00
00
00
00
00
00
00
00
00
00
2b
7e
70
00
00
00
00
00
00
38
77
7e
51
00
00
00
00
00
00
00
00
00
00
00
00
00
00
00
2a
7e
7c
49
18
0e
2a
59
70
7e
6f
53
1c
00
00
00
00
00
00
00
00
00
00
00
00
00
00
00
2a
7e
7e
7e
72
6b
7e
7e
7e
61
41
00
00
00
00
00
00
00
00
00
00
00
00
00
00
00
00
00
0e
63
7e
7e
7e
7e
7e
74
48
00
00
00
00
00
00
00
00
00
00
00
00
00
00
00
00
00
00
00
00
0c
40
7e
7e
7e
46
12
00
00
00
00
00
00
00
00
00
00
00
00
00
00
00
00
00
00
00
00
00
00
00
00
00
00
00
00
00
00
00
00
00
00
00
00
00
00
00
00
00
00
00
00
00
00
00
00
00
00
00
00
00
00
00
00
00
00
00
00
00
00
00
00
00
00
00
00
00
00
00
00
00
00
00
00
00
00
00
00
00
00
00
00
00
00
00
00
00
00
00
00
00
00
00
00
00
00
00
00
00
00
00
00
00
00
00
00
00
00
00
00
00
00
00
00
00
00
00
00
00
00
00
00
00
00
