000000010011
000000010011
000001000011
000001000010
000001110011
000010010010
000101000011
000010010001
000101000010
000111100011
000010010000
000101000001
000111100010
001001000011
000101000000
000111100001
001001000010
001010110011
000111100000
001001000001
001010110010
001010110011
000000010001
000100100010
001001000011
000000010000
000100100001
001001000010
001100000011
000100100000
001001000001
001100000010
001100110011
001001000000
001100000001
001100110010
001100100011
001100000000
001100110001
001100100010
001010000011
000000100010
000001010011
000000100001
000001010010
000011110011
000000100000
000001010001
000011110010
000010010011
000001010000
000011110001
000010010010
000011110000
000010010001
000000010011
000011100011
000011100010
000101010011
000011100001
000101010010
000001010011
000000000000
000001000010
000001110011
000001000001
000001110010
000010110011
000001000000
000001110001
000010110010
000011010011
000001110000
000010110001
000011010010
000011000011
000010110000
000011010001
000011000010
000001010011
000111100000
001001000001
001010110010
001010110011
001001000000
001010110001
001010110010
001001100011
001010110000
001010110001
001001100010
001000110011
001010110000
001001100001
001000110010
000110000011
001001100000
001000110001
000110000010
000010010011
001100000000
001100110001
001100100010
001010000011
001100110000
001100100001
001010000010
000110110011
001100100000
001010000001
000110110010
000010100011
001010000000
000110110001
000010100010
000000110011
000110110000
000010100001
000000110010
000000100011
000011110000
000010010001
000010010000
000000010011
000011100001
000101010010
000001010011
000011100000
000101010001
000001010010
000101010000
000001010001
000001010000
000000000000
000010010010
000101000011
000010010001
000101000010
000111100011
000010010000
000101000001
000111100010
001001000011
000101000000
000111100001
001001000010
001010110011
000111100000
001001000001
001010110010
001010110011
000000010001
000100100010
001001000011
000000010000
000100100001
001001000010
001100000011
000100100000
001001000001
001100000010
001100110011
001001000000
001100000001
001100110010
001100100011
001100000000
001100110001
001100100010
001010000011
000000100010
000001010011
000000100001
000001010010
000011110011
000000100000
000001010001
000011110010
000010010011
000001010000
000011110001
000010010010
000011110000
000010010001
000000010011
000011100011
000011100010
000101010011
000011100001
000101010010
000001010011
000000010011
000011110011
000011110010
001000100011
000011110001
001000100010
001000100011
000000000000
000111100000
001001000001
001010110010
001010110011
001001000000
001010110001
001010110010
001001100011
001010110000
001010110001
001001100010
001000110011
001010110000
001001100001
001000110010
000110000011
001001100000
001000110001
000110000010
000010010011
001100000000
001100110001
001100100010
001010000011
001100110000
001100100001
001010000010
000110110011
001100100000
001010000001
000110110010
000010100011
001010000000
000110110001
000010100010
000000110011
000110110000
000010100001
000000110010
000000100011
000011110000
000010010001
000010010000
000000010011
000011100001
000101010010
000001010011
000011100000
000101010001
000001010010
000101010000
000001010001
000001010000
000011110001
001000100010
001000100011
000011110000
001000100001
001000100010
000100100011
001000100000
001000100001
000100100010
000000100011
001000100000
000100100001
000000100010
000100100000
000000100001
000000000000
000000010001
000100100010
001001000011
000000010000
000100100001
001001000010
001100000011
000100100000
001001000001
001100000010
001100110011
001001000000
001100000001
001100110010
001100100011
001100000000
001100110001
001100100010
001010000011
000000100010
000001010011
000000100001
000001010010
000011110011
000000100000
000001010001
000011110010
000010010011
000001010000
000011110001
000010010010
000011110000
000010010001
000000010011
000011100011
000011100010
000101010011
000011100001
000101010010
000001010011
000000010011
000011110011
000011110010
001000100011
000011110001
001000100010
001000100011
000000010011
000101010011
000101010010
001000000011
000000000000
001100000000
001100110001
001100100010
001010000011
001100110000
001100100001
001010000010
000110110011
001100100000
001010000001
000110110010
000010100011
001010000000
000110110001
000010100010
000000110011
000110110000
000010100001
000000110010
000000100011
000011110000
000010010001
000010010000
000000010011
000011100001
000101010010
000001010011
000011100000
000101010001
000001010010
000101010000
000001010001
000001010000
000011110001
001000100010
001000100011
000011110000
001000100001
001000100010
000100100011
001000100000
001000100001
000100100010
000000100011
001000100000
000100100001
000000100010
000100100000
000000100001
000101010010
001000000011
000101010001
001000000010
000111110011
000101010000
001000000001
000111110010
000100010011
001000000000
000111110001
000100010010
000111110000
000100010001
000000000000
000000100010
000001010011
000000100001
000001010010
000011110011
000000100000
000001010001
000011110010
000010010011
000001010000
000011110001
000010010010
000011110000
000010010001
000000010011
000011100011
000011100010
000101010011
000011100001
000101010010
000001010011
000000010011
000011110011
000011110010
001000100011
000011110001
001000100010
001000100011
000000010011
000101010011
000101010010
001000000011
000000100011
000000100010
000010010011
000000100001
000010010010
000011010011
000000100000
000010010001
000011010010
000110000011
000000000000
000011110000
000010010001
000010010000
000000010011
000011100001
000101010010
000001010011
000011100000
000101010001
000001010010
000101010000
000001010001
000001010000
000011110001
001000100010
001000100011
000011110000
001000100001
001000100010
000100100011
001000100000
001000100001
000100100010
000000100011
001000100000
000100100001
000000100010
000100100000
000000100001
000101010010
001000000011
000101010001
001000000010
000111110011
000101010000
001000000001
000111110010
000100010011
001000000000
000111110001
000100010010
000111110000
000100010001
000000100000
000010010001
000011010010
000110000011
000010010000
000011010001
000110000010
000111010011
000011010000
000110000001
000111010010
000101000011
000110000000
000111010001
000101000010
000000010011
000111010000
000101000001
000000010010
000000000000
000000010011
000011100011
000011100010
000101010011
000011100001
000101010010
000001010011
000000010011
000011110011
000011110010
001000100011
000011110001
001000100010
001000100011
000000010011
000101010011
000101010010
001000000011
000000100011
000000100010
000010010011
000000100001
000010010010
000011010011
000000100000
000010010001
000011010010
000110000011
000000010010
000010100011
000000010001
000010100010
000111000011
000000010000
000010100001
000111000010
001010100011
000010100000
000111000001
001010100010
001010100011
000111000000
001010100001
001010100010
000111100011
000000000000
000011100001
000101010010
000001010011
000011100000
000101010001
000001010010
000101010000
000001010001
000001010000
000011110001
001000100010
001000100011
000011110000
001000100001
001000100010
000100100011
001000100000
001000100001
000100100010
000000100011
001000100000
000100100001
000000100010
000100100000
000000100001
000101010010
001000000011
000101010001
001000000010
000111110011
000101010000
001000000001
000111110010
000100010011
001000000000
000111110001
000100010010
000111110000
000100010001
000000100000
000010010001
000011010010
000110000011
000010010000
000011010001
000110000010
000111010011
000011010000
000110000001
000111010010
000101000011
000110000000
000111010001
000101000010
000000010011
000111010000
000101000001
000000010010
000111000000
001010100001
001010100010
000111100011
001010100000
001010100001
000111100010
000011000011
001010100000
000111100001
000011000010
000001110011
000111100000
000011000001
000001110010
000011000000
000001110001
000000000000
000000010011
000011110011
000011110010
001000100011
000011110001
001000100010
001000100011
000000010011
000101010011
000101010010
001000000011
000000100011
000000100010
000010010011
000000100001
000010010010
000011010011
000000100000
000010010001
000011010010
000110000011
000000010010
000010100011
000000010001
000010100010
000111000011
000000010000
000010100001
000111000010
001010100011
000010100000
000111000001
001010100010
001010100011
000111000000
001010100001
001010100010
000111100011
000000110000
000011010001
000111010010
001010100011
000011010000
000111010001
001010100010
001010100011
000111010000
001010100001
001010100010
001010000011
001010100000
001010100001
001010000010
000101100011
001010100000
001010000001
000101100010
000000000000
000011110001
001000100010
001000100011
000011110000
001000100001
001000100010
000100100011
001000100000
001000100001
000100100010
000000100011
001000100000
000100100001
000000100010
000100100000
000000100001
000101010010
001000000011
000101010001
001000000010
000111110011
000101010000
001000000001
000111110010
000100010011
001000000000
000111110001
000100010010
000111110000
000100010001
000000100000
000010010001
000011010010
000110000011
000010010000
000011010001
000110000010
000111010011
000011010000
000110000001
000111010010
000101000011
000110000000
000111010001
000101000010
000000010011
000111010000
000101000001
000000010010
000111000000
001010100001
001010100010
000111100011
001010100000
001010100001
000111100010
000011000011
001010100000
000111100001
000011000010
000001110011
000111100000
000011000001
000001110010
000011000000
000001110001
001010100000
001010000001
000101100010
001010000000
000101100001
000101100000
000000010011
000000000000
000000010011
000000010011
000101010011
000101010010
001000000011
000000100011
000000100010
000010010011
000000100001
000010010010
000011010011
000000100000
000010010001
000011010010
000110000011
000000010010
000010100011
000000010001
000010100010
000111000011
000000010000
000010100001
000111000010
001010100011
000010100000
000111000001
001010100010
001010100011
000111000000
001010100001
001010100010
000111100011
000000110000
000011010001
000111010010
001010100011
000011010000
000111010001
001010100010
001010100011
000111010000
001010100001
001010100010
001010000011
001010100000
001010100001
001010000010
000101100011
001010100000
001010000001
000101100010
000010010000
000110110001
001010110010
001010100011
000110110000
001010110001
001010100010
000110000011
001010110000
001010100001
000110000010
001010100000
000110000001
000110000000
000000000000
000101010010
001000000011
000101010001
001000000010
000111110011
000101010000
001000000001
000111110010
000100010011
001000000000
000111110001
000100010010
000111110000
000100010001
000000100000
000010010001
000011010010
000110000011
000010010000
000011010001
000110000010
000111010011
000011010000
000110000001
000111010010
000101000011
000110000000
000111010001
000101000010
000000010011
000111010000
000101000001
000000010010
000111000000
001010100001
001010100010
000111100011
001010100000
001010100001
000111100010
000011000011
001010100000
000111100001
000011000010
000001110011
000111100000
000011000001
000001110010
000011000000
000001110001
001010100000
001010000001
000101100010
001010000000
000101100001
000101100000
000000010011
000110000000
000000010011
000000010011
000000000000
000000010011
000000100011
000000100010
000010010011
000000100001
000010010010
000011010011
000000100000
000010010001
000011010010
000110000011
000000010010
000010100011
000000010001
000010100010
000111000011
000000010000
000010100001
000111000010
001010100011
000010100000
000111000001
001010100010
001010100011
000111000000
001010100001
001010100010
000111100011
000000110000
000011010001
000111010010
001010100011
000011010000
000111010001
001010100010
001010100011
000111010000
001010100001
001010100010
001010000011
001010100000
001010100001
001010000010
000101100011
001010100000
001010000001
000101100010
000010010000
000110110001
001010110010
001010100011
000110110000
001010110001
001010100010
000110000011
001010110000
001010100001
000110000010
001010100000
000110000001
000110000000
000000100000
000000100001
000000100000
000000010011
000000000000
000000100000
000010010001
000011010010
000110000011
000010010000
000011010001
000110000010
000111010011
000011010000
000110000001
000111010010
000101000011
000110000000
000111010001
000101000010
000000010011
000111010000
000101000001
000000010010
000111000000
001010100001
001010100010
000111100011
001010100000
001010100001
000111100010
000011000011
001010100000
000111100001
000011000010
000001110011
000111100000
000011000001
000001110010
000011000000
000001110001
001010100000
001010000001
000101100010
001010000000
000101100001
000101100000
000000010011
000110000000
000000010011
000000010011
000000010011
000000010011
000000000000
