000000010110000000100
111111101111000110001
111111111110001001001
111111010000111111010
111111111001001110101
111111110001010100101
111111111100100111110
000000011101000000110
111111101101001100110
000000001100110001001
000000010010111001011
111111111011011111000
000000000001011000100
111111010101001111110
111111101011110110101
111111100010101000101
000000011111101101001
111111011011001101000
111111110100110100010
111111010010101000100
000000000110011000111
111111110011111100011
111111111111010100010
000000100011001101001
111111111000100100011
111111111011100000011
000000010011101101100
111111101010011011110
000000011000000111011
111111011110000000010
111111100000101010111
111111010000110101000
000000011111001100101
111110111100000010101
111111110000100001001
111111011111111001011
111111111110010101100
111111111111000110110
000000011000101001010
000000010101110100110
111111110001000000101
111111001111001000010
000000001001110101001
111111001111110101010
000000010111110100011
111111101101011010011
111111000101011000010
111111010101101101100
000000100100001110011
111110111011001000000
111111100110111101100
111111101100000011011
000000000001001100111
000000000111001101101
000000101101110101010
000000001101010110000
111111110000111110110
111110100010011010100
000000001100111101011
111111000101011100010
000000011010100100101
000000000101000000001
111111000000001111000
111111110000100111100
000000011010111011100
111111010000011000001
111111100101010101100
111111100110011011010
000000010100101100110
000000000011011100101
000000101001110100011
000000010000010111011
111111111101110010101
111101111101111010011
000000001111001100010
111110110001010100010
000000011101010011100
000000010110011001110
111111000110111111100
000000001100110110100
000000001001111101111
111111010110100000011
111111010101110101001
111111111011011010001
000000101010001101111
000000001010011010101
000000011111110011011
000000010001001111101
111111110100100101010
111101101100100100011
000000000110001110000
111110101000010001000
000000001001001100111
000000001100000010100
111111000001100100001
000000011100000000001
111111110101100100100
111111101010111011111
111111000110111011010
000000000011110110110
000000100000101100110
000000001111010010100
000000011111001100011
000000001101011011111
111111101110110111010
111101101000000100111
000000000111100101111
111110101000101000100
111111111110000011010
000000001110000011110
111111010000110100000
000000101010101000001
111111011001110111101
111111111010010111111
111111001100011010001
000000001000110100100
000000001011011111000
000000010100010001010
000000010100010001000
000000000110010110010
111111110101001000011
111110001111111000100
000000001001101100100
111110101100011100010
000000000110011010100
000000000010100111010
111111100111011101011
000000101010110001010
111111111101111001010
000000010100110001011
111111101000110001001
111111100011010010010
000000000111011010101
000000001001100011101
000000010000001001010
000000001101010111000
111111001000100101100
111110111011101000011
111111110100001001011
111111100100101111111
111111011111100100001
111111111101101111100
111111110110001111001
000000100001110101101
111111101010000001100
000000011011111000111
111111101110111001110
111111101000000110000
000000001000110101010
000000010001001011001
000000000001100100000
000000010001100011011
111111000110011110100
111110100110000111110
111111101100001101101
111111010101101010000
111111110101001111101
111111110111101100011
111111111000001011110
000000010110100100001
111111010000010001111
000000010011010111010
111111111101110110000
111111100110001010001
000000010000100010001
111111111111011010011
111111101010110011110
000000001101110010010
111111000101101000001
111110001000111110011
111111001100100110101
111110110001011000011
000000001011000100000
111111110000111101111
111111111100000100111
000000010101110010011
111111001011111010001
000000001100001011010
111111110001100011100
111111111110010111110
000000000110110010110
111111111000100011101
111111110100100111111
000000000011100010001
111111001100100001110
111110000101011101001
111111001001101001011
111110100000111010011
111111110000001011001
111111111000011011010
111111110111011111011
000000100010001100011
111111001101001100000
000000100001111010001
111111100011000101101
000000000101001111010
111111110011011100010
111111111000011001011
000000000101001011010
111111111001000000001
111111101111000000110
111110011000101001111
111111011100011001101
111110011000011011000
111111101000101011111
111111111101111011100
111111111000011001001
000000101001010101110
111110111011000110011
000000011101010010001
111111011110001111001
000000001011010000011
111111110010100001000
111111111000011010111
111111110000001001110
111111111100011101110
000000000010100100000
111111001100010101011
111111100100011010111
111110010100100111001
111111100001111001000
111111101111000100101
000000000100101010001
000000111000100010000
111110111111001010111
000000001011101010100
111111011101001111011
000000001110001101010
111111110101110000010
111111101001101111001
111111011100000110010
000000000110000100110
000000001011111010100
111111110100110110001
111111110111101101001
111110101000010111110
111111010101010000010
111111010100001111001
000000010001100001111
000000100010101001111
111111000100111001110
111111111111110111110
111111011010111011101
111111111110011001110
111111100101001110011
111111011001101000010
111111111000010101000
000000010000011000001
000000000100100010111
000000100000010011001
000000000011100110011
111110111100010101000
111111010010101011001
111111010100000001011
000000011010100001000
000000001111011001011
111111101000001111101
000000000010001100000
000000000011011000111
000000000010011111100
000000000100001110010
000000000011111111100
111111101000101110111
000000010001100101111
111111101011001101011
111111101100010011101
111111111011010110100
111111011100010001010
111111000010110001011
111111111011010100011
000000000110001101100
000000010011011100010
111111011100001111001
000000001000110010001
111111111110110110111
111111111000010111001
111111110010001101110
111111110101000011110
111111011110010100110
000000011110111011000
111111100110100001100
111111111001000011011
111111110110110011100
111111100011010111101
111110111000000010001
111111101001011010100
000000011000010011110
000000000000010001110
111111010110000010101
000000000100011111101
000000000110100101111
111111100111111000000
111111101011010101100
111111110000111110010
111111010001001011111
000000100101100000001
111111110100011100110
000000010000011011001
111111101011011100011
111111010100011111110
111111100001110001111
111111100010000110011
000000100001101011101
111111100010110010011
111111000101000001100
111111101111011000100
000000001100100011011
111111111101011001101
111111101110110011010
111111101011001110110
111111010010011110011
000000100100111110110
000000000001111001010
000000001010010111000
111111100010110000111
111111010001110000010
111111111001001011010
111111010011100010110
111111111101001110010
111111010100110010010
111111000101101011000
111111101000100011101
111111101110100100001
000000000000111010110
111111001111011001000
111111100100101101110
111111111010101110100
000000000011010001110
000000001100110011110
000000000110110101111
000000000001100000110
111111010101110111000
111111011000001001100
111111001010110110000
111111011001100001101
111111010010010000011
111111000001011101100
111111101100100100010
111111010011001111101
111111110011000100110
111110100010111111101
111111100101101101111
000000011111011011000
111111011010011110101
000000011000111110111
000000100011011001111
000000000110100110010
111111001010100000100
111111010000100100110
111111010101001111001
111111010010010100111
111111100010100001011
111111011011101100001
111111110001010011011
111111001011010110110
111111101101010111011
111110100011111001111
111111111110000001111
000000010101001100010
111111001010000110100
000000010001011000010
000000101100010111000
000000010100000111101
111111011100010110000
111111101101001000001
111111011111110101000
111111001111000011100
111111111101111001001
111111100110111101100
111111100101111011010
111111001011011111011
111111101001010111111
111111000010101000000
000000000110000111010
000000000101011101111
111111010100011000010
111111111100111000111
000000011110111100001
000000011101100010110
111111011010111001010
111111111100101010101
111111101110001001011
111111010101011110100
000000001100100010001
111111110101110010111
111111101011110101111
000000001001111100011
111111111100000010011
111111111111101001000
111111110011010101100
111111110111010111010
111111111011100110111
111111111001000110100
111111110010001001101
000000001000001111011
111111100111101110000
111111110011010111010
111111110101001010101
111111011110111111011
000000001101011111011
111111110001011011011
111111101001100110101
111111110011111111101
111111110101011000100
111111110000001000101
111111111011011010000
000000000001110111111
111111111111011011111
111111101100001000100
111111101001010100100
000000010100010110100
111111101000111001101
111111011110101010110
111111110100101010101
111111010110100100001
000000010001010101101
111111101111101010110
111111100110111000010
111111100101111101101
111111100101101100101
111111100000111110101
000000000100011101010
000000001000111010000
111111111001111000011
111111010110010110110
000000000001000111011
000000100110000001110
111111101110001010110
111111100111101100111
111111101011001111100
111111010101001000011
000000000111110000000
111111101110010011010
111111010110101111010
111111111000111101001
111111100101010011100
111111101100001101100
111111111010000011101
111111101111101000111
000000000100100010101
111111011000111000101
000000001110101001101
000000101010111000111
111111101011010100011
000000100111010100010
111111010100101111110
111110111000100100010
111111110000001011100
111111101110000010000
111110111110011010101
111111100100101001001
111111100011101110010
111111111001000101110
111111110000001001100
111111101110001001100
000000001010111100101
111111110110010100101
111111111011101000000
000000101011101101101
111111010001011100101
000000111001011101001
111111010100111110110
111110101100101010111
111111010001110110010
111111100111100000011
111110110100111111001
111111001011001100001
111111101001011110101
111111001111010001100
000000000000010101010
000000010000011011010
111111110000011101110
000000010110111011111
111111110100010000001
000000101001000111001
111110110111101101001
000000001100000011000
111111100000101100100
111110110011000001011
111111000010100011110
111111110111011000100
111111010010000011100
111111001010110010101
111111101011000000101
111110111110100111011
000000001110100101010
000000011101101100111
111111001101001100011
000000100001000010011
111111110101010001111
000000011110001100001
111111010001001111100
111111110001010110100
111111110010001010111
111111001101101011011
111111100110000010001
111111111111000111111
111111101101001011001
111111011010101110000
111111101100100100110
111110111111001011011
000000001000111100000
000000001000101111100
111111001001100001000
000000010110000000001
111111111011010111001
000000010001111001100
111111101000110100110
111111110101010000101
000000000010111100101
111111011110000111000
000000000001000110001
111111110011000110010
111111110101101111111
000000000010110101001
111111111100011110010
111111111001000000010
111111110110111101001
111111110001111101101
111111111011010101000
111111111111101001100
111111111000110001000
111111111100111110001
111111101101011000101
000000000010011010110
111111110011111000111
111111100100000001110
000000000101111010101
111111100110011110011
111111110010001110001
000000000000110001011
111111111001011000101
111111110100101110111
111111111000011001111
111111110001101100000
111111111101110110011
111111110100001111110
111111101010110001100
000000000100011101011
111111100001001100110
111111100110011100100
111111101110100111001
111111010111011110100
000000001100100111101
111111011010000101100
111111111101111000110
111111110100001000011
111111101101101110010
111111101001001010100
111111110101111111011
000000000100001001010
111111110101100111000
111111011000010000110
111111011001100010101
000000010111111000011
111111011010000010111
111111000111000011110
111111010111111000100
111111010101001011111
000000010011110011111
111111011100001011010
000000000111111110110
111111100011111000010
111111100101110000111
111111100000101110001
000000000010100001001
000000001101111110111
111111110100100111010
111111010010100011011
111111100000001110101
000000011001111100101
111111101010010010010
111111100001101100100
111111000100010001001
111111100010000100110
000000001001110001010
111111101010111101101
000000001101011000111
111111100011000011100
111111010101000010111
111111100101101011000
000000000010100001100
111111110000010000001
111111111100001000100
000000000000100101101
111111101000001001011
000000000011000001010
111111101010100001101
000000101111110101111
111110111110100101000
111111101100001111000
111111100110100100001
111111110110110100101
111111101101100011000
111111100011111110010
111111011001000101011
111111100100100001011
111111101010100011111
111111100001010001100
000000000011110011011
000000101101111111000
111111100100011110001
111111110100101101010
111111000111101000010
000001000111110111011
111111010110001001110
111111110111100100010
111111001011111111111
000000010100011000001
111111011010010101101
111111100001011110001
111111110111011101010
111111011110010101010
111111100000111000110
111111101101101110001
111111101000111100010
000000111100010011010
111111101110010001011
111111110101100010111
111111010011110011010
000000100010100101111
111111111000111101101
111111110101110001101
111111011000000110011
000000001111001101110
111111100001001111000
111111100100110011111
000000000011110101001
111111000000011011110
111111111010010000010
000000000101001111101
111111011011100000101
000000110110011010100
111111110100111110011
111111110101100010110
111111100000011000010
111111111001110010111
000000010101001000011
111111010101110110110
111111100111000110011
111111100101111100011
000000000010110001011
111111111101000100011
111111111101000111111
111111101010101110001
111111110001111101111
111111110101100110011
111111110001001101011
000000001000111001101
111111111101001001000
000000001100011111111
111111101110010010110
111111110111000101011
111111100000111011110
111111011010101001001
111111110100110010010
111111011110000110001
000000000001110101001
000000000110101000010
111111110001111000100
111111100000110010000
111111110000101000111
111111101001001110100
111111110100110111111
000000011010000100011
111111110111011000010
000000001101111100011
111111011011101001000
111111110110110001101
111111010100110000011
111111010111100111101
111111100110001001100
111111011111111011001
000000000110011110111
000000000100001100110
111111100100011001000
111111010010001011000
111111111000111010111
111111011000010010000
111111111001001110100
000000110000011100110
111111110010101100110
000000001100110101110
111111010011010100010
111111011010011000000
111111000001101000111
111111110010001000000
111111001100000000101
111111101010011011010
000000010011100011001
111111101110011111100
111111011010011111011
111110110110101000010
111111110100101100110
111111100011100110100
111111110111001010000
000000110111000101010
111111111100011000100
000000001011011001100
111111101110101111111
111110110010010101000
111110111111000011001
000000010011111111100
111110111110001111011
111111111001100001001
000000011110010101111
111111100000010101110
111110110101110101111
111110011111010110000
111111100101100010011
111111100100010101010
111111101101100000010
000000011001110110010
000000001001011000100
111111111000000101110
000000000011111011101
111111010000001110101
111111001111100001111
000000101111111010110
111110110111000010011
000000010111110110100
000000010101110100110
111111100011000110110
111111000000001000011
111110101111011011011
111111010110001010001
111111101100100110011
111111110010101101000
111111111111100001101
111111111110100011010
111111001110011111010
111111111111001111110
000000010010111001101
000000001101101100000
000000011010000000110
111110111110000001010
000000011011100011001
111111110100100011101
111111100111001110111
000000010111110001011
111111001110101100100
000000000011110111111
111111110011101000000
111111101011111100111
000000010011100000001
111111011111001110000
111111000111111110010
111111101000101110110
000000101100000010101
000000101111110100010
111111101000010001100
111111001101110101111
111111111101010010001
111111100001001011010
111111011110101111111
000000101010110010000
111111010111010010011
000000100010101110110
111111111110000001010
111111110001000001010
000000011110001000011
111111000010001010110
111111100110000001001
111111010001101100110
000000010010011110010
000000010110100011100
111110111101101101100
111111100000011001111
111111110100010011110
000000001010110011111
000000000001001101110
111111100101011011010
111111001000010111001
111111110010010110100
111111110001100100010
111111101110011101101
000000101111011001001
000000001001110100110
000000010011100101000
111111110101001100110
111111110000010111111
111111000001111010011
111111101011101111010
111110111100000001001
000000001000101000001
000000000011011100100
000000000000100010010
111111001101111010110
111110110110111010111
111111011101011111011
111111100111101010111
111111100111001111000
000001001011111111100
000000011011010011011
000000010000011000110
111111111010101101011
111111110001001111101
111110111000111101001
111111101110100001101
111110100111101001001
000000011110010010010
111111101101010100101
111111111111000110001
111110111010010100010
111110101010101010110
111111001100001111000
111111011101101100111
111111101010111100001
000001001010111010011
000000100101001111001
000000001111101100001
111111110111100100000
111111111010001100001
111111001100111100010
111111101011001000110
111110011111011110101
000000101001110001011
111111010101000101001
111111101111000000000
111110111100010010110
111110110111000110110
111111010111101110111
111111100010110000010
111111110010111011101
000000100100111010011
000000001110111111010
000000001101101000100
111111101111101000010
111111100110011101011
111111111011101000000
111111010110111101111
111110110111110101100
000000100101011110101
111111010000001110100
111111010101000011011
111111010000101011001
111111010100000100111
111111111101001111101
111111110011110101001
111111111000000110001
111111101011011101011
111111001001111111011
000000001001110001101
111111011001110100100
111111011101110011110
000000110010100010010
111111001101100010110
111111010101011000000
000000001101001000001
111111010111110100110
111111001110100011110
000000000011000001101
111111101110100110011
000000101000110100011
000000000100000110111
111111111100001110000
111111001111010100010
111110010110111111110
111111110111101010001
111111010010111010011
111111110000010110111
000001000001110101001
111111010100111011101
111111101110110000110
111111101101111001101
111111100111011001110
111111101000100001110
000000110110001011000
111111111111100000001
000000100101011000101
000000000110011101110
000000000100011100101
111111011110101001111
111110011010100000111
111111101011110011111
111111011010100001011
000000000010110100000
000000010001100001011
111111010010000010011
000000000111010111001
111111001111101010101
111111110011111110100
111111010001100110110
000000011111101001001
111111111101111100101
111111111111100011001
111111110011111011011
000000001011100010110
111111111011111000110
111110110110011110110
111111100111001010011
111111000100010100111
000000001100000100101
111111100111101101011
111111100100111101110
000000000101110000000
000000100001111011111
111111101011001001010
000000000100000100000
111111000010110011110
111111000010001100110
111111100001011001101
111111111000101010000
000000001111011110110
000000110000000111011
000000100101001010010
000000001001101101011
000000000110100011011
111111110100100100010
111111010101111010101
111111110111000111011
111110010100001100010
000000110000111001101
111111100101111010000
111111101110000010001
111110110111101110110
111111000011001010001
111111011011101101000
000000001011110000111
000000000110110110001
000000010101101011101
000000001001100100000
000000001001100100100
111111111001101010110
111111110101100000110
111111111001101010000
111111011011100000100
111110101111101001010
000000110111110100011
111111011110001111110
111111100011100010011
111111000111111101111
111111101000101000100
111111101101101101000
000000010111101000110
111111111110101100000
111111101100000110111
111111000000001111100
000000000011010000011
111111011011000010010
000000000110010100101
000000100010110001110
111110111001001011011
111111011001101011000
000000100000111110101
111111011010100100001
111111010010000010010
111111110111000110010
000000001100001011101
000000010111111010000
000000010100111010010
000000000001100000000
111111011010100000101
111101101010011011111
111111111110111000010
111110101111011000100
000000001011011111101
000000111110000001101
111110110001011001000
000000000010011010000
111111110110100011111
111111100011111110100
111111010100001001111
000000100000011000101
000000010101110010011
000000110100111111010
000000000101000111111
000000001000101010110
111111100011000110000
111101001111010000000
000000001111011110101
111110011001111010010
111111110000101001010
000000110010001001010
111110111100001111011
000000100001000000001
111111000000000011001
111111101000111000101
111111100101011100100
000000101000001110110
000000001010110100101
000000010011101100100
111111110101111010100
000000001000000100011
111111101001100000110
111110001111001001000
000000011100000111101
111110100110110100100
111111011100110101010
111111110100100100001
111111100110111000011
000000100110111000101
111110110000101111111
111111111100001000110
111111100100110010010
000000010101101010100
111111110100111010100
111111101001011001111
111111110010101101111
000000000111101001100
111111101101011110011
111111101011110011110
000000000111000011011
111111010011011010110
111111100011101000111
111111010011100010011
000000001000000101011
000000100000100000011
111111000011111000011
000000001000101101110
111111000011110010100
111111111000011010010
111111110000001000101
111111101011110000100
111111111100110101101
000000001010001101110
111111111111000111010
000000011100011100011
111111101010110101111
111111011000000010100
111111110110110100010
111111011100101100110
000000001101000100011
000000010000101111100
