0
7
10
e
5
a
d
c
2
0
1
c
0
7
e
10
4
b
6
0
0
0
11
11
c
c
e
12
15
10
0
7
d
14
10
3
1
1
d
e
0
e
12
d
1e
1f
18
1
0
a
9
5
0
e
f
7
2
6
a
d
4
0
f
12
19
20
1b
11
0
4
10
2
0
0
18
17
14
f
9
e
c
f
c
1
b
7
0
0
3
8
a
4
b
16
15
0
14
18
15
14
10
19
13
d
6
1c
23
c
12
16
f
a
1e
23
13
c
18
1d
e
0
e
14
14
0
e
12
12
5
0
5
e
f
0
3
1a
19
0
0
17
1f
0
0
9
1b
15
23
25
20
17
18
f
3
6
7
3
b
0
20
2c
1c
17
1e
1b
f
0
0
0
0
0
0
2
4
17
1a
d
0
0
5
11
10
1
d
15
13
5
1
3
14
1
0
10
19
1c
22
1b
10
0
4
d
4
8
9
13
e
14
10
5
3
15
15
14
13
5
3
0
0
0
0
0
0
0
f
e
7
13
19
d
a
11
22
19
0
0
8
e
a
e
e
13
11
10
b
0
0
0
7
10
10
d
1f
1e
e
25
22
0
0
