0
0
0
0
0
0
4
7
8
b
9
1
0
0
8
13
19
20
27
27
23
22
19
9
0
1
13
2b
39
39
37
33
24
1d
10
4
0
1
13
23
31
2d
1e
11
9
0
0
0
0
0
6
7
19
17
16
4
0
0
0
0
0
0
0
3
12
15
24
21
e
0
0
0
0
0
0
0
7
d
1f
23
23
e
0
0
0
0
0
0
2
e
20
29
22
12
1
0
0
0
1
9
1a
2b
35
35
1e
a
0
0
2
c
19
2a
35
34
30
1e
5
0
0
0
9
1b
2a
34
32
20
a
0
0
0
0
0
9
17
1a
14
9
0
0
0
0
0
0
0
0
0
0
0
0
0
3
4
3
7
0
0
0
0
8
9
8
8
7
7
5
8
0
0
0
0
12
11
7
5
3
0
0
0
0
0
0
1
f
d
b
0
0
0
0
0
0
0
0
0
6
7
10
3
0
0
0
0
0
0
0
0
0
4
e
9
3
0
0
0
0
0
0
0
0
0
8
8
8
6
0
0
0
0
0
0
0
0
2
c
13
12
0
0
0
0
0
0
1
8
e
f
10
a
0
0
0
0
3
9
c
d
f
8
0
0
0
0
0
0
9
f
d
6
0
0
0
0
0
0
0
0
8
9
2
0
0
0
0
0
0
0
0
0
0
0
0
0
0
0
4
7
b
d
c
5
0
0
9
14
1e
24
2b
2b
26
23
18
9
0
1
12
24
30
33
32
28
1b
a
3
2
0
0
2
5
f
9
0
0
0
0
0
0
0
0
0
0
0
e
15
5
0
0
0
0
0
0
0
0
0
f
22
22
12
2
0
0
0
0
0
0
0
0
15
20
1f
11
0
0
0
0
0
0
2
9
d
18
1d
14
1
0
0
0
1
a
1c
2a
2a
1e
c
7
0
0
3
d
1d
2a
2a
28
16
0
0
0
0
0
9
1b
2b
2a
18
0
0
0
0
0
0
0
2
2
0
0
0
0
0
0
0
0
0
0
0
0
0
0
0
1
4
7
b
d
c
5
0
0
9
15
1e
25
2b
2a
23
1e
17
9
0
1
14
2b
37
35
35
30
21
17
a
0
0
1
14
29
32
30
27
17
9
8
0
0
0
0
b
17
27
25
f
b
1
0
0
0
0
0
0
5
1c
1f
1a
1b
f
3
0
0
0
0
0
0
c
19
1e
1e
17
d
0
0
0
0
0
0
2
10
2e
3b
2d
c
1
0
0
0
1
a
1c
30
38
3f
2c
2
0
0
3
d
1d
2f
3a
38
35
23
8
0
0
0
9
1b
2e
35
35
26
f
0
0
0
0
0
9
1a
1d
19
f
0
0
0
0
0
0
0
0
0
0
0
0
0
1
2
2
4
1
0
0
0
4
8
f
15
1c
1e
1e
1f
17
9
0
1
12
26
35
37
38
35
2b
23
1a
a
0
1
13
28
3c
38
35
2b
1f
d
c
4
0
0
2
13
2c
2a
1d
d
a
0
0
0
0
0
0
2
14
26
2a
1a
8
0
0
0
0
0
0
0
3
1d
2b
30
22
9
0
0
0
0
0
0
0
6
1e
35
33
19
1
0
0
0
0
5
10
21
2e
32
30
1d
1
0
0
6
f
20
2d
30
31
2e
20
f
0
0
9
1b
2c
30
30
2f
23
13
9
1
0
0
9
18
23
26
22
16
a
1
0
0
0
0
0
0
0
0
0
0
3
4
5
6
0
0
0
0
7
7
6
6
5
3
4
4
4
5
0
0
6
3
2
0
4
6
b
9
a
7
0
0
2
8
c
a
e
a
e
7
4
0
0
0
2
9
8
b
d
5
0
0
0
0
0
0
0
2
3
8
9
7
1
0
0
0
0
0
0
0
3
2
2
8
6
2
0
0
0
0
0
0
2
9
a
6
3
7
1
0
0
0
1
7
7
6
1
3
f
9
1
0
3
7
7
7
0
2
e
f
d
4
0
0
6
6
0
5
d
10
10
a
1
0
0
0
0
5
a
b
c
b
2
0
0
0
0
0
